1600079918
771206434113462272
2913437106
1174213649969401856
999026928433713152
1149533461264384000
1019486628971274240
1250416526
2737164660
1627154342
824636352977199104
757356667700965376
2303644034
903646319738281984
103714855
1065327873379098624
1249303342108549122
3238067155
417748566
312090422
2783081292
169412676
778653113590788096
716068190363648000
365873696
970039615230042113
1277834453813833728
1107544161945681921
858130144472551428
836103883403321344
972777555123195904
597087269
3190114836
730490233
2454292405
1260797010820521988
2678075119
944580884392546305
1020255058422726656
2515617170
514781547
1253547135443668992
1259382632183447552
1681870514
887139322511491072
988264742308470784
485298358
1191154837
862674789382725632
764852510775312384
926854863543078912
1026636216408526849
2425474849
18167745
1302823086
1956286849
1476190778
311492895
68379605
187643106
32378559
2324755580
4508265288
123997761
1013771150579515393
2461229540
347736265
505974976
200330487
1007500225638879232
3206779768
4514497282
149705661
307378761
47970067
768642666
1060730411272298496
864782330367430656
2173681142
114837431
931662517662650368
72988633
972870896384851968
939814263920586752
754664535856783361
4101754703
2901367295
185387187
982862817865936898
988746700847120385
1046468034
2192535242
2871775727
385427853
1450496726
3243511830
93264757
1289728352547246080
2874581789
4800334456
83178511
1027172719014510592
2376470583
1297663186687217666
520773885
1239695122650083328
3191684964
1238484907283722240
1109519596380438529
1025126383968612352
3012108582
355586963
1184294344984952833
892807583899148289
2262267565
955467670102659072
1263386503989911552
921239846332407808
1221430103084634113
520420331
2185491853
1278094022087553024
1012850375442001920
972136961505808384
1133477682237149185
1260478131846209545
2887012500
4006696332
29649343
4428490760
1519231670
2998748895
919959385220161536
709700274
50930560
1076767955315294208
418487605
720435375831814144
2434705326
897440744041988096
746930462136762368
1225757396972142597
2426654142
1011107114654109696
3002765231
1246604225498345472
1303581231892762624
994900013405753344
603322638
997878065303764992
301595176
1024636316560941056
2848996756
275845695
211928823
599204783
604565361
771564786865672193
2897345810
218788379
30803583
3061081014
761183712407093248
825216674106265600
257226015
1684661581
934934808454602753
1317667515397328896
709768080
873770698883309568
1187884448
432236227
1042798421545955328
1150593371594878976
987865113175773184
980936065094569984
1110199098227851266
3021679680
3770136921
582316374
101573109
421607700
3293920502
1066890365762826240
1047073383853252608
804174594
966739775435587584
957900584509566976
793232519734829056
1059398262904373250
774674222417412097
1187686021183496192
285767514
149588600
2855286795
467385792
1172237938647883778
307767021
1130715039403347969
2939851495
1039350971179122688
14447391
975084784509624320
492690822
1287580854
2386444436
2157650839
3236821050
1320825392723181573
992081887974842368
957042491710230529
188443888
1329850129726181378
951111849184915456
289960799
1183623087121715200
1246186120238555137
4166844312
965333856176910336
834655727469867009
3228950994
977468880367927302
1011618870078029827
171132217
3419079793
141648271
4220806367
1217141279852810241
2544836363
1336589454937645056
827656968135389186
1043933589228769280
981839792634605568
894539729974288385
780707738015846401
181536671
911321396
219175588
3307471248
211016045
1288328760509464577
2565059148
132016334
710302504026640384
943192474066944000
357188078
1269331743758266368
307683788
414497271
1233908597848805376
514760092
255965211
702970172106268672
453067122
2940382501
2352571016
2905158913
2507807786
205431227
1607742422
993504846790713345
32560092
1238467817244168193
1290882791513534469
2811901642
3496818734
1532364661
500548726
565170586
1268392411
907762221983420416
63419232
1309259305
349921305
52242747
4160111554
3248763894
2803770756
3603266116
1064759462676783104
87797048
388064463
238161753
242933539
798147118426886144
554103476
1107136951
2717409362
207754381
715607183325470722
2150026736
2635349970
533704444
461491142
3118535423
785875113564516352
2740890708
921936997572337665
1212617622681833472
1228813196
2829527664
923470077856423937
3372742121
1021011695005601793
962604847152340992
1698002498
1335124879767531521
854785542952812544
1364560413258579973
858000970915078145
792390592097427457
243016532
1388410465
892407337805381635
1569139748
1239178742536306688
3007482337
716977227250925568
788445966978297856
1300871326928908290
236510946
882793028
3041391657
1004468003486879744
802649912563429376
868956410616434688
703242659205230593
4336269073
490563760
265210814
1032596384439050241
1286167544412307458
384882272
4449874634
1004940894389207040
935982678335205378
271823349
2433785623
94192143
595471266
1079629091710455809
3730760294
2775226074
1146951955
852176040495632385
423619418
1129561823596797952
251945875
953258606811537409
2169540372
49900437
1664235050
982613874259066880
2230514812
249622517
2309944452
545460604
873019815308402688
302398265
454121535
820036452
294690525
859593684580311040
4826233011
2670441901
1072177997342400515
1002500751581573121
1113207179371266048
2420654654
555196519
868791892770779136
850887014
3311607000
819228740408348673
1039732077703450624
1027561017411231744
273315020
1077251330882850816
1087080058404200449
73151187
287563387
3222166092
773497541413445637
1148458505092788224
2492581668
934373766
536796098
776386371929997312
1036923987836715008
2695384237
382456742
609251983
1229687089664536576
2156099552
4333663822
903295823466856448
2194301076
3035733204
1369369980152733698
919131662
753700076556541952
2594314724
2249962146
793602912
892004082902224896
121835163
2311839924
140569965
57862030
3656618174
1595269754
2497649407
772068598139457536
478272192
821269145136173057
4204681101
792645249831022592
1694755446
2427914033
2931303926
712505827744030720
1020147685163012098
1072065156908077056
1349523558926483457
1045717249007349761
1344040068068110336
1017721788317368326
241063939
2269598502
1280040363487629312
784315455674589184
627213017
118080977
2596808414
1882502072
867329081464860672
723519213839609856
831858270277021696
1111419283
1020916754963484672
3301975327
417548648
1158919517822754818
898380897833046016
152602969
1065107540
3020436871
1237179974416764929
786913153
771479249081565184
1049337936548782084
228166964
765080496254558208
1012524754706804736
361788436
2611118742
62325326
952199793459081218
4427199493
1215684560920379394
3390090598
1037351790
1275276899749474304
246662470
951098972466167808
63670807
44799994
892255921983729665
772841077
2776045388
828921366606909440
1176908570593509377
582405510
1042086398268854272
919836374294978560
814469793835270144
1077050108393316352
3741417255
475282230
888317908908224512
385911676
902459952052133888
729433032629706752
409210462
3238560733
603127017
1051951727589638145
909445563841695746
3157776006
54277659
80425435
1346208291873906688
922486073418072065
1883406008
2646392329
2394592687
1328376539940065293
1232714787051757568
241236345
1134047621704609792
1372788264
2337434496
1163210824934182913
1345922828353167360
334355384
585130540
812163884
1268945863184986112
2673622098
1215475136
1058021253481721856
220132489
3289379933
3176342070
2931824161
988990191816785920
1190977507098603520
710773941283868672
955087407250071553
776992140832354304
2742275266
789699168252071936
461219709
1384029638
1695619376
919682623882096640
1290220385917718528
1336056350
61465579
3359786670
2227665498
3719772974
2880133010
2174166169
1280801007077781507
1876677230
1048319948
1026807402325110784
812275334838157312
390094798
934333310
2751680411
4754132412
3802214007
1364285334981279744
448213696
531205811
2513064589
301958604
324535877
3170013006
767893261562187776
932933379908968450
451864843
1162141838
793582848057839616
922275155740463104
2434755583
809957315680075776
894692283974434817
1083327338
45307741
4827789735
1533853098
901464793
725520968207224832
1265799069538168832
2367981804
599645024
989147599075663872
409260313
1249781500184322055
2705058816
1710786367
2897414228
1051812262015426561
1699796821
827276129211867139
2823721926
704447223916986368
2347131927
1244141916200947713
3186932175
380615277
1033378135591407617
939341368102703104
1125640820218970112
747167847344902144
2555638981
149939652
3607323193
1621060614
880795025075978240
36561477
458840454
1299826893991096320
283812729
1004184901
3432142696
1299062605911388161
2415633757
917669934670516224
2598549508
1107825359192379392
471775460
714134015557545984
1257976240922693635
978890077551161345
100716855
1539546992
2611250053
2900254941
4881149338
323491047
1107648270480879616
331945202
3231886238
228965254
1038977540637876224
1075115946
398503682
108409006
58061142
116631642
1160965290894798848
1500024072
76617804
565797144
2148864382
2942450775
1120493899137437697
1052595078768644098
979931284683321344
1319712627224842241
910432883818602497
27493021
2630299338
3317385986
759805979353423873
1034904003363184641
146617643
1075806855450873856
796358142
737005568
972204916134604801
1957133220
762417230
981087066728648704
1293793258619850763
2479163484
796934214947979269
147312701
1144807330464378885
812722131263979521
3948969319
2785472857
43504599
150516976
1005980500144590848
2344209458
820934928
325509294
1645142876
761986868338683904
1254572053887217664
2446182110
91483967
871637698188120068
1016106740444815360
141344059
913010724
2914944794
1491209390
1886174400
765821715284762624
346114148
1285642917546205186
857499342
2311041325
296658485
1193711456576921605
2387739823
1306058594
789272741685829632
901956596938498048
978853922
3717493036
1235909871020601347
4040502651
847901541684178945
1025978165875757056
59144519
1129132179827625986
1466534046
914704538
239174801
2967124821
986866923894747136
865722830352031744
813328858078294016
895003447430451200
606274043
3017426726
923075562536443904
3239721672
1037889209724325889
1084710077389570053
3394852211
781238224467263488
2260176422
757110681627832321
534984197
3182630996
3246406540
1051307738284941313
1038411836381687808
478493120
835342581458321409
1679485734
224717843
848315905843048449
1542919088
738901293092065280
1370134761012826116
1066267008361209856
1304126101967396865
1208468248104259592
949493340344668160
322688782
994951818345046016
459258145
984470299293892608
546268423
2228406187
1864910280
1201235278683398145
1162968954232438784
900390456059715586
795376284
491105838
1091341648557232130
1269662003355955201
2465386652
69470420
890059731062095874
950464377467097088
2861913824
1229772666283778050
229469917
2940084520
1651507866
786919509315772417
1227567143517949952
860779879171846147
126174017
992411281
972361758315720705
2227894174
1373684557
4633898779
717534958957400064
2809628399
62438918
829980650
2561422448
3036509444
767407425993383936
307845547
83374687
1185984713124646912
1002709424
2191529941
1471713445
3273575917
1304814839957610496
422991351
941197913413308416
3288458318
844053332775895040
2260954272
2586002898
4815561861
925327691603046402
2874759138
724119986
1228947782
742358151962497028
806138540639690752
4159310255
2863352976
954670638509187075
232476927
1117568380515569665
790611550168047618
66551728
2895644892
1693087590
2411711754
15935614
1354382761386237957
748388894
343943947
133567988
286834529
978274997897588736
2463235078
747722666233180160
283916177
2515330093
1563637237
1070577124589953024
166859264
468958742
1318504369793290241
220562373
1720518762
1086299577483816960
731605684198985729
195096848
2561186881
201921570
826989148196130816
960355194994225153
4670566980
875475936879288320
2959462247
3346776489
1199584431742185472
1071177158901555203
284349148
258234738
1073889551427325952
1250906805674422273
854876161117171712
395742937
948411079423442944
565651977
722309450996981760
1555118508
165638904
195366749
928167837893459973
726984783973089280
165347986
128746500
1282832414
1011576042698334209
1179047899969282048
1216090868
53834285
2419895126
1031505648
1072332367769952256
63411021
2881398417
2494031034
2490734365
4044436396
50320702
1190691064870395904
1106552885624463360
1345136837501698048
2901916455
1031633730710908928
70902720
562363423
4700581602
46998699
726425060001509376
3100943137
2759214778
4382225133
717546436813058048
795191569783590912
2921796776
788924736118095874
2855455569
1352347633528918016
891972945576251392
1295471245224488961
1328375166284554241
1175368836280811520
3478344736
39803192
2387290088
778422420
18932790
562808357
149836557
2718715274
731104018571898880
14389856
1322202591422488576
744270391774875648
1619501983
933598580211843072
2365367161
928536314210856961
134004782
3032988555
1159671765695520769
44159431
710288995
1100149143572344832
53649848
472142663
894946933
88607218
1031355491002150913
1021011736344834048
255219981
953892387922657280
1071132213851222016
743376457813065728
1095846369816952835
727592703903440896
98725984
1168517989953462273
461932512
261473001
1593507770
2448654691
222434832
816795266
1337620098169749509
3191855434
1299479743264251909
332416651
3086771144
868306266707415041
970714714652270593
279277842
940533326
1176302887
1876414304
975399144113278976
484400190
2388183500
1967786010
1430023771
1638503906
1248111164975792128
2929127971
525544481
948054210825744384
16036981
20689940
1434528511
357628051
2428109388
2815443000
19252119
1266380621099577345
194966416
3079073933
1447233943
812127391573299203
739175876009590785
1082473847436132352
163682060
3005085583
764075487521968128
1364550457
3374219483
3195121978
3932756002
1243097570
3301876847
937672055486476288
834220379715538948
846155710782042113
2809959415
1137872711387164672
266780171
2155893900
856955688701972480
2302041204
324485306
3824767955
933325417280241664
722699682271653890
518323514
2208876222
1589991918
957484630550204422
276536473
1257374941
2261443837
14105697
983145108441915392
3145003014
1580086266
1313883099927908352
3325406446
716337030066626560
896676852177055745
76474259
703239553
1254094152893153282
730996789
1315444249
77241373
379282531
165638141
579961277
1253442948915761154
1166609253727125504
3231152766
945420782569644032
1069182160882491392
2481561506
848627687186890752
1004396127502897152
842825851
3619503074
2471878160
293093119
1241408288605917185
39174799
233735111
600215888
83673697
380737052
2407386175
952840525
380879039
1318562113
1108479690
736617263575519234
1104086199872892928
510595831
1323593905280090113
994719063547961344
1055941932172554241
298125868
1222500383190179840
1069404131624869888
2944022944
484518939
1067706798591959040
184429526
829262012
3131403970
611262685
826822062568243202
831566870234927104
712371198907322368
403348318
843309700615757824
2704271690
391844844
825600648104275968
2711938650
838747930261614595
3243291776
933302193943392256
1146308928
1468502053
387860560
956955743428558848
283669055
1230899436357734401
1112111854099169281
2942460163
4586026274
1367964822978113539
34768908
400518648
1222933142241234944
1556007098
2739265050
1375706088
1159019813185810433
805252014712045568
778972853551128577
2218533048
3113934715
999655790649724930
16955932
1080201957984227329
1202419082395451392
289679743
89621976
303312806
261673204
817742820450537473
2334270216
1197048979256684544
1035621065932906496
385216277
1189685778735087617
28604441
971844633801224193
75616792
1129761848058929152
2908859396
712687658783277056
2353857620
103838838
363489673
1623701292
611063841
874431445539979264
2455272482
436277987
3016716264
596589723
261962726
917363976605900800
16854643
2688584874
957486898271854592
593132685
1341327060170510337
1252586396847616002
1176169023303757825
1001590603929571335
1055322663072129024
438124586
368516685
399018797
24004824
748938639321681920
1337740167902322688
1323905807923249152
1278115765099601921
997841294708781056
256078759
1265729262591434753
1290041338205843456
1135719401695481857
4786657813
2738326880
1144327865024098307
3287325126
321131658
1025949957872791552
18377332
956291421119631362
190530895
4861890082
1038351895155302401
1046367832357789696
935149899980595203
577198062
1120381399553331200
1624208401
4736706864
3142076200
2353192750
3008543613
181765189
790017324
719899492347219973
1712848723
76652060
849279292156411906
1148216576732061696
1243335418596265984
1003887624711385088
2956146024
1267700649497489409
285139711
713521160
1973442001
2835764892
367330894
1425361374
1014430464927338496
2579091302
2390888155
83621908
2401328414
835983075477577728
1240470059446865925
1017161627744067586
82118060
14703116
3250160455
1307602845340897280
2420855233
1278889308
735558817
862355481679015936
2996182505
955715538784849920
61904886
992798897209688064
1052642666
3274591806
1563979290
3241031997
2277126206
896956315708178432
446480482
571667765
796188581857398784
67220317
999562785972457472
717975213
145159722
1091904826496241664
732238483
4042615336
961053114324455424
1012661227951218688
585309233
141889854
3064074179
3307178256
4343262747
1257715234468515842
831648260825677824
3126994408
2410871246
1005666483760869376
2415348882
1011631801696018432
3787266863
715309338265579525
2739460236
893810057447706626
252311354
1355716299612033024
159023026
3040807682
116429298
2904038143
595124103
709327458521100288
1153842172476571648
785741756
755823066639282176
2191036604
921448346253975553
1272253250423656448
753544119658524672
2719257997
316339758
1003052307565735947
1669530810
3493097652
976737670729670656
894506849671589888
134690379
845013278262771712
3710402474
628763317
155343408
2941095262
2484506090
894586986
96317561
2750993714
105303265
142064818
181960418
381052665
961687381509320705
1161349573224407041
176748207
377606405
861660798892072961
3188936630
2178471705
132043097
1008904332316696582
3039171372
3148898716
88382850
17103324
1252447064501506050
1278969956340826112
632650809
3421849049
2651355544
1341281168537186304
880658540901302278
387998431
977937397085294593
91363497
930334489766588416
3094931520
980176639907655680
963837539282046976
2472962395
788683744869842944
2210873642
424933218
18930116
2799428677
1005985300139499521
862523346419818496
562967928
770403690
1113688027761643520
1578008768
130674721
60700603
483996880
801812900511969280
3008324948
951005386336698370
1079476234999005184
309982111
1092850873573785600
732029306
894567106687123456
504033031
1072747740784803840
2230498514
167850883
1242994988604166144
1013213797
1278336074
538218866
1239744500014239745
887430965685080067
2898813148
229306010
66183783
318716627
1262906867380105216
2469748242
1621641300
810152791
413342378
2955963539
1079893655727542272
756238465
385450648
147147126
2415154880
1025457090809061376
1317584357553418241
3301891121
1324851535
1136521174974730240
82286117
800839771635347456
557426410
1107341482313306112
493477495
2649813463
1732088348
194064345
869542084960698369
521801023
1331787419922825216
55557215
1162076654
3184910539
1014232585264943104
608900257
2876889519
2546425496
287359834
598750055
350489920
910641640506888192
1356892078542893057
1203364031865774080
1281846576080715777
937642538852163584
831435612909498369
772891610744885248
1069979499276705793
2173958947
1017284624328740864
950753727052476416
2523283470
919922970637639680
3040073815
3107698101
826764810888962052
1112550942270840832
713669479159300096
1367863046094327812
827905566299324416
23067809
737200712
2438157050
877109870
1179443348714602497
739600662514655232
1258973344063315969
256189280
2596483688
2609524713
969041359121260544
956127142043041793
61347302
742470366287777792
2369783156
1067677924306780160
987797058231861248
1355411017
884754170
1113175720698810368
727677598378024960
60157200
818620907769958400
2925431352
78476520
3251214926
2645193426
1013681615350841345
2475439728
1250584099
2229722298
810036874093805568
1535406860
1202664122053201921
1265137202
202310370
2189348180
1334739656328552448
944669955009798144
1332464835213275136
1050989074259922945
931202348399161344
1115601699815677953
306940262
742367917371592704
923328580209266688
395453514
947959329281495041
25384024
770318740902645760
1025957474
1448020507
1227273454891737093
2465647645
3974260033
994570172118716416
23393699
959960651362914304
4847219633
1023834219053604865
605968582
904322395
1596687620
1353377955079045120
924364261786128385
1088918981816143872
965757293206867968
849574007020019714
316523366
1024542154557812736
2745592867
2489741544
3293611420
4652645713
806428046081130496
1660303195
1322836730
1357607715883732994
830248807426293760
1092689094340038657
845991822295941120
2839279608
932684916931751936
1076714025147199488
967323741205049344
839915518354210816
1054056234318553088
3076489550
239848426
2163174847
575242611
47550321
443204151
2579776334
592222708
1110963196729458689
1425466716
3194533855
330613559
918355984493330432
1494624434
3165992076
2816190092
514948799
211902998
624100663
67346573
3402219255
750217301652152320
1164055940783456257
1239792444905930755
1506124068
781052267738779649
4712499974
2743250946
1091496192863657984
1660929572
2251284816
1115239482876293120
2294604390
758576906048376832
82806104
995333200959426560
780941858658668544
818690915803893761
1421100036
3237408458
1224934081135247360
323510692
2316299143
1077496943461298176
1279077641312747525
2386171512
758505498333315072
770543769024200704
178973988
29192967
895096817804746752
757724996303290368
1608803377
52048042
2723044105
1005280306599903232
726451062962458624
850438974069977088
749276015914999808
1169973333640613888
3239236971
148216536
1417673954
1172050073657589761
1615205557
409675007
15461100
330887014
824714730833010688
369768161
65010650
2258904836
2164117730
21656789
58993514
2261651062
976679726831063040
1055395938661879808
743824194954133505
21692656
369209404
309335755
1182977225118892032
852788923076026370
188040381
1033395519647883264
192996284
1212089865187102720
858722552415363072
1016484159823360000
1397315066
166385506
2462870324
1051513071666126848
734042361471209472
765315944
2159369317
510323703
856398605564887041
991672007975616512
35541384
779699720
1021004985209720833
97455403
349301745
176417656
1006229528254009344
296904847
2349389688
180236030
1195424923289899009
242933068
1051346778
1466756923
1594054998
2789047340
201093819
771274472456331264
3006013091
1257006912224157696
1958287620
345830177
4265470360
710484120564969472
784450292523728897
2558518560
261388297
391172766
286350427
958540298971500544
1300488098439221251
1194345181958393857
86207478
1115135595058204672
1238472185246822407
1362072355
738660216657453060
3288508003
2444595938
1024863441889239040
1009793262691889154
3292021821
571976302
548253633
838022310
1313601174411632640
1463334288
956033021437730816
1224969642881372160
265350042
1325349301946441728
978664136
967550168089485312
1331506618383564800
864448148
1097473836579082242
1149966091
1027605174481645568
915330977869783040
417795340
2505992365
3039783470
2454218948
837836302858887168
899593582910119937
2937165354
3388360312
2530222506
620106991
1316836944400195584
1116843356
796210775454945281
2151381
792820838831624192
2408030611
1265949810789515264
346943369
1243485004967133185
1729068506
1440049981
1008898777665507328
2645991697
300993897
295922331
25749199
3023771051
1057103493641584640
1276212992950984705
3731053877
1021195246963576832
478768123
971386273456783362
432322755
2367168728
1318055732948815872
897409945162850305
881420173948878853
1571873796
1888284932
1312698481
769463286
1020793489594826757
701977146
745791289
3345500788
973111986266386433
1333120981
518009257
1186088216505524227
954676589832282112
932529495533166592
46503521
743925440813760512
1714068714
309569263
1074932590124064769
709970809411018752
131259560
540467551
1094962299964555265
1261728205381214209
2803039877
635494873
2198645118
38675964
1297236825778651136
2595294048
306791075
3250758115
788997317957292032
1098394938239262720
78663746
2918690209
1280128037128978432
70888660
1140558032021217282
1351564144949022723
2956441811
1389967244
3788070745
763369102505287680
513403098
52702917
485833019
33730926
830576920924397569
1318673556885114881
18881605
1294714459005517826
3301086418
2324564046
1089502753695494144
973120729808957440
729172827870363648
337128706
169172939
1186440473537327104
1024378320903856129
2789710312
1206475921
2889626295
2968497257
2337826663
536183170
1202144824914108416
552797077
2796460260
1581690120
708418601317834752
35775042
1260503323
547775572
377013807
1036629388530335745
2732277629
257377637
2202200084
759469486999076864
3224050886
3996046246
83909474
32501347
1237294393
1284194774426288129
1132436667472605185
947694150111154176
4818998453
1087345406076366849
1699911966
768113153573916672
907713812077445120
355129387
77449113
1040782788683857920
923232025963913216
806887098427047940
265210054
1247329737111785473
18936774
629343671
736471986
198035792
306539878
390352672
776992957
325586709
1038800798514335745
1405878193
931464585227280384
347284490
2607483289
1049755432905056256
1287136915
4797155315
64981699
1257225796344659969
1225395647076917248
115966360
391514693
4741555632
135057789
2428116092
991516010997051392
633014444
2658509564
2529507998
1090860108
1180712431
317497451
3357475385
2324170676
2614734110
1210336502
952153364585787393
2263176926
269871424
846452702443945985
1024196225673789441
294782101
1145775562562187264
1321964265507610629
4890784396
854092261969317889
967428020091830272
1331395201160589312
1150204969120722944
2402554848
202356675
1145435013116248066
1160474968427098113
575089570
1099830667
1022010340031295488
1227211915346055169
978185410076729346
933342870089621506
2869652583
521375669
40497692
637239956
793660028062490624
851273818534420481
50598014
1158688931082166272
59814751
1018824666
1288069256257703936
1315486148446154752
844575283
3193104519
901128531840610304
1297991630
33794444
3231985857
2220659240
859358392866848768
1083562626716745729
36262144
1003298004474974208
956699571391889408
1309153981386678274
164603012
788218406357102592
93318978
43584325
1009018547077406721
1098479144600506368
773340831390498817
715676430697369601
1254147464103432198
1006165559040303104
3300497662
1227928496
976736916807680002
2178946782
208970425
401977477
1113629980146192384
725723342699790336
17165812
552269783
249817418
1251850945756925952
1021357572694061056
928322786
817128903412252672
1334442896
617856517
739929012
705159153493213184
39620143
2220194108
1292030546
1059731114829336576
1026115792499224576
770666806369521664
99958566
256623903
383857685
553974839
1285060587345653761
1034576887
73326521
2975333095
922780263888732161
1291751641
1143441500
293737563
628963807
805576037752897536
615728448
479796684
595954485
842739326
1030658280471719936
3180034975
628732124
1281602935940452363
408624948
1192451208725745666
870989681818783749
1143348953880174602
986173348995584000
354774290
742118811671760896
373033901
164921544
1327778011
1092444485261422593
1283964524505305088
555844130
2941579246
993860894953095168
2772779623
809675407
1250963087378833412
352173770
1335349335391940611
461930907
872351676170108928
1106934506
826586926106882049
513772599
1065450871360839680
492003451
900718003381088256
529785450
1354896022791622658
810761561451220992
1351892159255994368
2400008316
969461633423724544
2358783062
770192030358118400
894197475258626049
1301339694
897754452
1072514630705078272
1260679609743478790
145715903
573305171
797644617508392960
581932071
434085173
3314327686
2984382156
3435541799
147060541
3065317129
79657196
2901744747
727372652
1255638301840740352
767429654265360384
24849387
2433028634
974281311996149765
988403798363303937
1257888590459273218
4838634614
3314118902
405579319
770831522
836517867407343616
1261150515619979264
1055393630318288896
953418611514847233
2472590598
250529836
211530184
561064159
16856267
1037803468088594433
217229215
835468167078010884
727982474395951104
272796221
312100599
1082069992475148289
1367610519234867200
805902083308318724
796900807685840896
1585596985
511910210
1009056294949416960
133609115
2941552739
231440997
595557457
3504668295
850358797
210984740
1242649898086010881
1120310605011988482
806100338881204224
899273256405917697
810537730983821313
717178488415854593
1312079734143102976
1074392841424580608
1327413672080257024
2841781791
1115801726068580353
804371672723660800
2424168397
608010843
4013965810
280971451
370170277
573357745
932472323906695168
4774796623
1199121231338803200
176226728
811864760551510016
1452399937
2667801162
1278745612645806084
780468062
1685712396
758126188950802432
972650147476844546
1561823864
775029200994598912
2390707879
905865083309449216
811275032001445888
744975289067855873
2793416482
1011715707694919680
1460925240
736797012780163072
63327121
4720233842
954428360859402240
390845647
825854802668122112
3418062472
1196922366363930626
1001141239989899264
3305201675
2222074117
3028422001
283934097
1243982883745824774
1307778018048241665
28934456
176843007
2617813434
1168834186213543941
89039642
1529869766
1089193503547043840
1649062411
1348719083907330049
202830679
3647381726
978078939351429120
142565888
2920221696
987423978984820736
107521475
1344574016447799296
732049847646355456
1350411877382299650
3111955947
635272473
1119215713452011520
2917982293
8510682
1734831314
868841517829562368
226134087
1264414786424455168
971858850
904787887031508993
2834531901
382524531
819661246660124673
1001115261733228545
211252386
961373439708692480
1209250788322750465
801114220377030656
1329258788
2174308789
1017219805
949029541141397504
1964603498
73087673
743124173887660033
336327216
960915956926177280
4423846273
833167608715153409
612871425
618036396
25276592
260711796
1125471799641280512
839141130
709200161893961733
1216308619
30093847
706966927
77165724
1297998145
278557574
1266969819884089346
85261809
866522346244284417
315392681
1044929531109228550
135100569
15928652
114303241
96058092
1283481558201118720
875810851
973271374688079873
4429542613
724066336175984645
19923527
1579722146
3969313939
977434746010550274
180075682
507868456
1178912871540912128
941831963513622528
27578597
1370134796999950337
1300793305270288390
1082054467
4807734175
1268159368190734336
532762163
834898423107239937
387871971
451163429
3438368353
80606454
1262163452707078145
1568869856
197566628
2360975750
175775812
3358777460
1054354532308664320
595160399
733074783252832256
292703346
2942784494
349667603
807757723
1047721407277191168
1319664036
1346235346619682816
1296856028
36024001
1920369666
1055678292039217152
727416045179269120
2328877298
957243606858833920
873535216861696000
281935494
808457702133284867
1229190247675813889
79340459
1590600738
138057629
1078118945037713409
85746219
848062713758597121
374655717
902265901625507840
164578868
1227517204196802560
1147640851
434426754
1331034910602104834
1001361699922894848
739780484352200705
1191870727
3753218181
1163418222529409025
1666360890
452812411
1199562891164364800
45812459
1193500121830502406
2485548524
2192088859
250758288
4922181099
543858500
1051627224
1101597135630491648
997057869462700033
1122702888768286720
1277386039167004672
4777904953
1065738956979998720
767495364223971328
430488341
1728953744
904807661480370177
444195439
857476724983910400
797248154978500608
464814240
952494960829329408
258935504
991333856774012928
865000445441327106
700592650739535873
3371834975
737488452858433537
4636791675
4897266239
2686419564
1026523708104552456
2405039503
2457762044
3007018430
2481391705
1048543278159810560
83066578
1296696426026729472
1059623336
446106694
627014926
1164440165466693633
78378536
3379590315
1266301812178477057
1098611290061316097
1062357839727996928
1032389682599026688
709455834015801344
180850629
71878138
141913229
51567663
2719998686
246370249
1058866744532578305
875030636586819584
1080129032757248000
814202471123795968
2428446655
1321622535180607489
1136411093721444353
1611315031
1257075969296384001
2852451770
329544905
803509332864286720
1159964923692273664
2846729896
28522266
800635171
1025769728969605120
1195211884854697985
948764732747493376
2920784500
2470934072
194074523
859306732324962304
3289172876
333634494
2605760082
340997024
85743868
1042018292322455552
55463764
2435394278
784131300785467392
201723669
905458855919861760
2902304509
1298753745443053570
839490144
1064421463476756480
773563391956905985
405625713
2427703855
917510419
35868963
1291237595796496384
967925917162049536
78775967
974167111810650112
887792594893250560
449010454
1006395004196016129
1021737768454680577
2615305758
2475036092
2176769364
1006662625470496768
938618175242956800
37198691
591364381
1034678539545726976
1335385501876903936
284129532
1618821716
513158141
877116628130906113
3184698882
2491794954
830283624263979008
633934567
1003870291339063296
96945736
2351511024
392513215
2319277962
65306575
501657883
1426894202
2940965396
749293346233909249
4806888443
2402481488
1278729671937601537
746366327930109952
112057326
33135537
917056385350647809
973971790568534017
1253712039673040898
2257702014
3399177790
725407251763089408
747022449309454336
1004346399348183041
1053671944015405056
2996086556
702671204
806813051307499520
975785132761075712
1112632804720943104
1414960525
1259541988266749952
292891691
2218217890
1232701109786959873
826582825
1342269455661989892
311234336
2363437243
805917659829243904
1072383684504887296
939437138579304448
1320982745699381248
954445505664176130
1453009740
39135174
3844510279
1301270172552933376
361615999
1658097469
1259943507910971399
2599114980
1084800600217313281
714000657926135808
4320163634
742411150265049090
320568975
823282351782449152
2291760260
943151892665982976
4648128536
1320380686826655745
2519708450
154771736
633162821
524342365
749695550
3179299977
4602162195
849081828
588682192
804863140898844672
718486009218879488
1055366836965957632
1157143830
1206117258
192602824
1030904694061916162
153955835
482186203
1332152852588883968
873919310154092544
571864829
2725607037
1603702046
863611283060310017
135664230
3697320083
1111171409080930305
766343898037882880
4181073613
494083687
196570905
996367273
202683251
3240224370
3254885913
37062914
362613394
3229197234
33845872
870338747136589824
1041855514345230336
755792826772905984
3150238762
1267782794048163842
2707889972
709971704106360832
808987430250364928
371877889
724555892612468737
2393217198
52360752
93092279
337086530
988344591953707008
3290872128
1327307282
959089020428062720
20820142
757855146
761207776869752832
949553809
2219189971
1298503338061729792
3939808876
241885123
286973433
948244986126102529
2161815007
3283484148
4837748171
20512682
1907474648
25617500
2942817380
1149701940948828161
967790769732923392
846041948897062912
2980838354
2555151426
240800792
711291589616754689
1642827246
1270669310
377646603
56258699
125664576
874780459380613120
836117839991865344
1329461168575016961
2605482918
1297845554198847488
1293386811687895041
3862673773
436782436
1383313825
1496462784
2436173258
2472802093
588762928
3227607603
15359986
497884154
1026672082481029120
1022791903668891648
1133147693394604032
1142461369037590529
118026538
177023609
843223367318736901
2384662116
1250776606169116673
1033006366061936640
301153255
1155458555635519490
817925047163686912
1365436431892627459
888531465604141058
3111682666
747533252152307713
2486434052
742298073389359105
3041887483
2567400998
1247308834307178496
852029088940269568
1286781267871174656
1096513716080783362
950602873775116289
748488318464073730
3064874570
1010929087
1274632040
38837212
2358533990
879316382701244417
754542091397574656
1243149605015085057
789947906304466944
976677148491730944
1264152833042952192
1257903456502726656
2812442683
2919561082
762678464025600000
1080325388331446277
872741813567852544
707210841146269696
135742079
607394475
2795572767
1128742004563660800
1291181275
900881499943129088
790433097380667396
1121670952738148352
1244521669
785117332221767680
125662277
1210851385337450496
319603277
2816621569
1121320001527398400
49644939
851400486225825792
239631103
526254549
1121292464483074050
1231312653965910016
331634484
309492799
1283034986862575620
244855845
2268961166
963073475303817216
356498744
3037212978
216196616
1637184913
770539544
1913061355
1116730996756492288
727497520998440960
1420843549
480962035
2269940824
1224160794843254784
948597979874721793
748276929057460226
451593213
1540272836
2495416219
1145240918
2879272535
1028241784420225025
897780705102450688
610340425
860342416016117760
1272341994610753543
49833506
894524324
973657722972389376
1350243146228228097
127088790
158964893
994678226319433729
2154887113
1125962129754877952
918703952903921664
3322073245
865919755215020033
3327705492
954196299124887552
615965041
151470977
767822667521155072
1038738951132073985
833518883726295040
769134096085680128
1060709064
2430950429
971410262413729792
1070517695823654913
882125683
4496444594
2205294907
318252628
3154542730
809578402264981504
793211777936863233
3196242284
872412219970961411
816277450107719681
964906612568870912
1146782053255397376
534352153
702630123283968000
481092116
947414558351564800
1306205971715248135
1338208087040094208
105737169
1026536803686330368
2513001144
61136817
177504802
1486244556
2408258209
537678628
910321880749375488
194356443
1113098943141904391
275775834
1879779697
841115161989677056
4431409276
40196995
885404492367241216
558477548
928926696
790486645216686080
768266394219667456
836858790926495745
812107240710676481
520043698
4873397964
703758896016457729
994328054162898944
1017561432324362241
1326770655388446726
3286220546
760205020553936896
816819025896316928
43086989
1338962812190670849
3078591459
2755013635
1039156690313048070
992045117212016647
35968320
3024127011
1626609439
2913330347
785413970643607552
796703764891635712
2792506240
208086150
816009307
521929228
2205675037
934526411649384449
1096517673150689280
409734689
187806728
962813741648654336
376149196
631559017
1039290758547759104
3036723388
2275190900
1361247995237257216
732098232738664449
2483440472
2279552311
891984278111698944
1286427901886226432
867380762802233344
774961840375771136
780577145407934467
1340389583574376450
387072997
953727894802575360
2295201654
2163598070
1253962493778690050
1152876882276298752
399768649
3195925044
343113143
828853585127501824
1210218982025940993
1268500921648058368
941821079537975297
1059409081067167744
1001670878533443584
1262063392979853313
156579700
876420916724551680
1318394026844954624
325528467
1006274192474542081
1163239596
724054761780203521
387900302
331046621
1094566601548951552
958393483672391680
3872991508
916983566323531777
171761166
3399104307
1233009017040986114
1666583640
352880392
815755205769732100
17526414
1366444957221937159
87692599
1483209726
2802573964
1275531562986192902
721150539359068160
870407806083411969
1228156986
2952013933
457971567
113903854
1000078944454897664
1976609600
991243566776107008
3989024547
1093799787046961152
1721425501
1485379363
2965646260
1363306984531922946
3439364549
1176184022042464258
1456715431
3179320689
2882980807
1281378679038160896
1015704148463927296
925718545815572480
169374303
721295692543582210
110965260
145328482
1066820863
1416019884
835522233925763072
1224928939488968706
977673871
912840929848864768
1857088502
3266219347
85484183
1213210549732855808
851892912698863620
1245905449397784577
810533022
941618689064951809
2402461616
3158022890
852246753172758528
1119820339
199755913
723247206308950017
1133012047908806656
69460994
2767072681
794910156953767936
181538398
84438995
952851463449047041
529454214
4461048078
172209852
3189558566
851899203814948864
956186703181631488
1039603267205033985
830624945898033152
168964907
1125126422631108610
967983196800409600
1024667829058953217
1019459086230814720
2834173940
978118036363210752
1269706408121024515
423126219
219515520
55993644
2751241011
1338665024936693762
1218026112879513600
2679412237
1160366108886614016
840908711988092929
33307808
2902364916
3092350702
1246635658162012165
2326896038
707653223142793218
119010331
834484452
1000947818255732737
2834740442
847384633
40164151
872863939
3241193623
180973728
2382260732
1059846933068607493
1203661666312867840
3007078729
1343533543
4746567023
3042621852
2942018481
2315331762
248150622
1491433728
73852679
1100964173234597888
1540839152
2942787014
100259001
1106530267
2173043421
816534073015287808
3722632933
2338929856
906911056194400256
1294934835199275009
575344496
542192684
957053062543282176
190929804
811540375718371329
621658793
1248264744059965440
41851739
46861275
1139523193054478336
898379395286487041
26121917
709606733304373248
2961967345
897721774971944960
799171177335980032
3226268951
928907724
2515514722
1201754484185194497
1038860318489817088
956951545
1324370109905788929
473876605
1127323231453683712
838981401206640641
1683052676
1221496798574972931
34185640
596290565
3091758173
1339895886
768276959872765953
37590660
1367202228000456707
820245856469151745
851208522058563586
33185695
1246017829280919553
165389374
779715538968641539
1091133450365485056
1025876792802979841
620224062
1054152284559548416
1701960902
987862825
811391765949333504
1270319977510338560
1256893386625253376
1192614387892273154
374348082
1028832785828524032
1278727865308188672
732907479726755840
1165664252218134529
834385448
2893108090
92047222
1079555094981632006
1020173821750358017
810189283780796416
230492590
102858214
2238260268
959059893440282624
740991538369548288
580983640
1069961255476060160
733877621084151810
928813647652061186
50098564
2818599577
2935060666
628746279
340132282
449917767
261983291
967281605407592448
2572727829
805907360627593216
111224979
346325450
2296503672
1123730653
3269363450
522711458
3501472395
3345450964
905409715
186356190
54992021
1158906500108058625
865367537319501825
930517051671826432
308147632
1253519389107777538
2387917921
912640258948440064
372693474
970380079661395968
2190514723
1166000398643187715
1196032183
758642741374877696
1026884502864388096
4515118992
3050169095
1298986241912840194
60777363
864855663087714305
2878919629
2330293573
529999278
934165701220282368
1126973332505677825
723162320185106437
1019000457581252609
2545530355
259449694
157638166
1095019456684834816
708162048996167680
3154777631
1367907440650452992
1232651227730710530
730950817
3322639988
739992862226419712
885712594148839424
1087577869419728896
1195674163
1075208031913304065
4538080639
2431489813
1315955902067900417
1332057382529142787
154099369
1133794508364058624
4552849937
1124539885107286016
327565709
1104387810495127552
1144317084
513619146
318602834
923888280
2570704410
1024680862674116608
758589005688471552
84709382
28200877
2809458889
1214916667
1261122581341458432
1173642030922133504
2376423126
17378170
2959026483
1943746886
815214719355195392
2828855043
1105514238293037056
125980779
2743814755
2914914402
3145704963
1239716741757845504
1331642137394483209
1002189334945071104
3014171456
2547739678
3165062125
3026710700
1514979325
343017494
2840530040
1355243958629109760
109185257
69165805
1296712003545792512
1737494690
2226398612
2731369471
1347670895310102530
954033328667049984
965626883042828293
25958391
1150147231
866814815070699520
716750756297121792
1175438270156722176
2696877038
909117379178749952
899145465823756288
3323043840
1365432306236870658
330672912
1299661413942587392
4888044561
1319110272246714369
899543562
1044671994665619457
532072085
28195996
1184179177
465892487
773860882665308161
1262932814
381873390
523683284
402396628
1567543794
935330947800686592
75770001
1555669238
1125976183718285313
122909535
45167471
1121221664765644800
273684481
2279813808
3316085400
385826401
289362471
757176388893892608
907214654744666113
1085238380
4018052472
2608111052
2942021159
20848649
3913889777
357194471
2855902402
1104568549354491904
2610226500
922569950744797185
460705260
1879842877
225742837
254753559
857007870
1201910781782171649
1015198768709406720
1133559976830496768
734085323421057025
1032529152660754432
897125026658344961
1065231757
3806845828
1283108648575795202
908780036991410176
784868567300710400
398821009
1304792200220352512
779984378676015104
1201032722434543617
22776367
1567727065
896562921190301696
1244193072734277633
1023537529528766464
548411665
864992522
2148047154
4776478694
67291370
3282243000
984117108391854080
1211394799095275521
855153752675844097
295504681
761614417284898816
1301528673334550533
1582031154
161178788
1251585952268513280
2233846172
3239948749
1131225161208700928
3020885886
2924425640
1276557747203555328
541789160
1080795781160812544
1877047399
1094980735
915836234831765504
946655807772418049
25627035
167572954
103441084
1113779888165720069
751645255217229824
811728194936176640
812709272
91803910
881309629799694336
935525269170819072
854615552635088897
270230861
2652107738
47927093
1282425770
879470806996275204
454767721
887275345589657600
912287588186079232
791482731846787073
844957472704028672
499826182
44182621
15687564
709946519303168000
2487552961
1262171591502450691
29805518
1094950650
579895443
1033015140139057152
937986927843721216
1318718933550080002
498243291
1277329346
2296949179
66453330
19626432
2389211256
1020529605470539776
1349356828212264975
1870054520
895926457
2237830995
1362199859453972480
4508316612
302615672
84750105
636131756
4636108178
3375835516
22998281
2324678040
3062837931
587393563
601225845
4221830172
1277602083684966403
2677210039
710874694434435074
148263982
132125561
2496328453
1941447199
579612816
1110986519978876928
2973896292
4842871453
1054765607852359680
355404173
452265533
1188579305510453248
921310864250228738
1048867594369871874
292351187
755906892447125504
840037394099425285
1717754456
926195185213636608
1154098296379596802
1173613496375791616
812599721667629056
1299372811761442816
30744928
1290278869
347770309
1306971878
210232104
83916200
2156426095
384385772
41104438
2710346551
1348636969891373057
1213336355888959490
312487501
1130098584206974977
185140741
974890414699196416
32980011
2962825078
1060687820006871040
3281725248
906735717476294656
737455689098878977
2829555258
1001487151
2749227678
425386784
902818071018053632
394962194
1023593325109030914
2615085654
580647521
755226528368111616
356820027
48073324
2791909470
807901082043240449
1017693429713666050
1312771729
1573479139
1140835670639824896
1020199960690667520
705786015965945857
1199481412367372288
68639323
960782730916020224
990604152265830400
1350529567681884169
1106247428
527523034
389352452
806366413124407296
350360467
327777993
2928124773
961497563730911232
34053517
833016203182370816
821914355864399873
2547198595
1322367018369196033
1340919023559577601
1695266528
598256305
1259377485902315531
369851763
1064985669108326400
2788530618
1154310960
300603551
104288813
285097660
1199252720311586816
818882983507664898
1161937130735583232
3406268087
137610429
821203810790109185
393856145
956186658
498695279
998551378988482563
209091131
930467713339744257
2647165824
165696822
3039178376
2578211191
1211993435739000832
1039866309427781632
3145296037
863057605345906690
893259475326443520
3161822063
1283775109526884352
360709938
3091901263
3534089248
783053719516553216
1008597036
621250936
1199393180
3025828324
1604262818
2751120385
285779238
1096795479088787456
4225793354
979963962711093248
202495601
1073084881364611072
998467249458495489
395048653
136265194
1021809640315572224
980602296714321920
42111193
269484621
782771218843860992
1257081985979342848
2887744980
1031994491807264770
2647943376
1169885957471928320
854151775
1285707136476094464
2932582927
1111816123148845056
744535718194716672
839851804485615616
1564818685
936806686655836160
722789035115020288
2264823151
1590376879
609310063
794583834805223424
1059665811516776449
960344838142070784
891646980887257089
907209852228743170
280365732
3535780220
1939696208
4900314132
281831296
2929832551
961492259458842624
418425076
607733188
1075193262745350145
1064102093194125312
2548203458
149192028
938362095011217408
877784502852079616
340119361
2227116354
1317652483
1674777372
1110223722877607936
2366583624
909671495324114944
386778969
282419632
785365538906046464
2828063559
780445566882881536
1320613317908467712
1033202303547916291
3007818936
764797549253238784
230080390
68729259
1039101890758209536
2921951237
2397043141
902358086773563394
81554460
4833924071
952696011159474176
371738524
32278109
1589342664
3051068330
347201277
167852437
3177071332
1018727162558312448
1091528922183933953
906814196985110528
1233916258279661570
2578863046
371942312
810244639349440512
954063247950278656
1016165242387066880
2890986781
726334116665384960
2384604049
3197769428
864290417961041920
3733646481
83095591
422574096
899574041882664960
193896079
759104133651574784
1240125125321687049
733164931525181442
1043166828
761575574070370304
944593143890096128
888402935188660224
893993731958816768
981427863613313024
834753698274304004
1214922773417615361
760514824761520128
752485147
871824269403197440
137705327
942683804325392384
2386478323
1241014577984225281
1244364241307492352
16362096
758977799193436160
997829823040024578
1278069940872859648
1253905329936621569
4342648941
883405334101934081
246343053
100914186
1936657999
4484670554
717030663057121280
3318116016
289185402
3247803607
3048605468
423570545
2595416142
1016223274009747457
528858821
989736908
1064061559
1079946990291578880
2991145803
183624960
3317472930
924721514783453184
1228312740134940673
701837539
386073309
976938762029686784
2225401230
957542241559396352
960585086130270208
2589088284
73999947
28213640
3157214742
825297049436303362
116644746
899256167800520704
845465190292492290
1007994565410762753
931011123356114944
2981466806
1063717358055809024
459796304
733653543824064512
1182462056391426048
2520057391
206027357
395064021
300968005
2657631379
2291771233
158072174
976599528471134209
1290934990763520002
1207871293619503109
2679599069
219765868
4804009666
1466428777
1035915916268072962
2557992426
942780787
1280491552863748096
245643691
101850001
112918221
1297670057661620224
915576621884674048
3252259760
435721929
1156409766010216449
2767928683
1245935638643277824
1007501910948044800
2468970560
833537007007780868
2781617241
4269555013
3367358779
83211604
782792727201099776
247307431
119510124
2877102062
1519707085
565930516
3332174479
33449830
1099496452181549056
912959969716191232
101623397
1272412751420223494
284414499
1367802508920381447
1107140560832397312
2509478538
2921023192
1287183878130671619
703433173569384449
793782445
3069337507
3305906041
1003101793880903680
3318850452
239169439
767646855614398464
2982779730
3044613801
983881913843712000
827804536190300160
948952727672971264
3131874517
915869302451978240
1210944088712704002
969376432513171456
103509592
3066892310
1326183162519674885
830597112853311489
2499914676
763721384
2848065813
369046167
1080702000973733888
244409011
726509319160614912
3470608340
2926195622
1067280584244781056
1050640543888302080
54522435
1212496137925484544
3419932498
490144797
2428486615
938617066503815168
389608731
1219614856476811265
808965339501367296
1024341137375420416
841523979223425024
1043720452491943936
38706660
1167847107878903816
979483332974084098
70115337
1193523850136276992
969112814353895424
2718338733
86285266
705538197497905152
1217030297318871040
948249599554318336
806973188592824321
974765071560794113
1148617000656220160
58542083
2415679231
999327115488055296
211113893
826200308279820289
1126392246
1149982118
975627021853298689
974451357141913601
1217081170246209539
884568132957855744
309479885
715907707933495297
1013967417905590273
2885641164
917162913554714624
1267501832949112835
2497179014
904057999555264514
1725001633
1164557292374777857
126124054
4354062927
1503910796
304404592
1685795737
1156968603402424320
744501557278867456
25266010
772046649631789057
873675983424847872
32817269
1325317769882071041
1034864963846844417
2676344635
2841640593
2913944778
3304681618
3674709317
1300182186981687296
862489389741375488
1705577346
1193662931042365445
889743573804920834
966586991197544448
1289949323762044928
701623953530429441
870813384765095936
636170488
1334671840715870208
1260730917930233856
1055573578723352577
1120299089676124160
941097752
1036789679536787456
1257130330932350981
2421465554
4533425292
461901628
761593833796669440
2747230545
822870515861757953
261234290
1243862411846782978
2835436480
233630269
160249915
1140496526592106496
2748588099
1213487018442813441
1183153592464601088
263935707
1103799961446158336
984024992408010753
361190727
725984322
189205738
985701570124763137
432753439
3022703464
1062726248
450307411
126895478
1314392010
132105750
896940424203579392
751097346
2387411587
978384858308382720
1649071676
102427255
1284920768850255873
437277162
505959851
2859966405
1256965229486977027
423936109
471983684
1132604002732892160
1280941442391666688
1150623439310299136
1074343575565918209
37533242
792583827696869376
766767815332331521
2896556998
950888503667195905
2355746030
90723288
965230509402996736
1042775463934885888
369276276
968388274745208832
3044751862
3225792440
1071920993181057025
1183690724
880543371445637121
328251036
3193403238
3245904819
4321736777
917889703981879296
74352006
746390594843377664
518161902
1144246710576787456
2825730265
373408563
517602111
2719050996
332816707
1296473395152875520
69359527
744133827744899072
4902091752
757959345510424576
4538561594
589158045
848543150
955274258707488768
887571178818117632
982780394356424704
427140634
780142223048470529
906189926110076928
838037583267516417
423002853
3855576433
2265664902
807197511630909440
261137569
16919146
1063067725130543104
246463957
164157475
2527112173
311619250
2954684552
3809542154
1332935740938850304
2386390453
429886652
863686076
1271948376779763712
1077081403404169217
63211806
841431955
437188701
912654988710600706
1205938673474326528
818266201445040128
1335836371643068417
964489140090765312
941623433229606912
854074104953131011
2263067262
261490848
762473164198727681
1284878278298345475
4358337978
1155530666764718080
1087149737474633728
1412283001
2788514131
3697464802
1349212626849583104
839766138292613120
781812420729712640
430046460
79790743
35022359
1242524209944854529
4151008100
1070131237
830278364002873344
1708644882
1231311588658946049
171824969
227553840
911461249820454912
978471235494535169
3040604468
1368227655498297345
2296052767
1230003753329184774
1095640610189369344
739648602088345601
3467179759
454705574
1132466242613338113
905209966683926530
250051145
853614963818205186
331468931
576319883
182657091
1043344059711016960
993924942289821696
343194290
250282005
707452276215029760
3131371985
1216472870
4472123233
1333686187681202176
748908990831030274
1338919543507476483
287728704
847255963862052865
452064344
99817038
64601153
1344041762
841596679732183040
3077596792
551851129
793764259058548736
238645981
1808813887
126667285
1073008858002612224
909471936710938626
1086719446578880512
186194346
781976397891854336
407310504
2853582476
2606785879
810677082
216636271
846549757195665409
973945669642833920
2565308503
256060999
1339792978387247104
736784009934430208
1086430819801956353
596488337
1075064742
701396785428717568
3118386535
866898145375944705
2412335082
810549739066245120
1075764890638389248
705893275044081664
291352853
1011079981617696769
1041082277839679494
836276682
3107060317
17714223
2901744843
863558330207350784
736941138959949824
756657118523031552
844425811629408259
2230858020
1079700264196628482
524390309
111807043
3223581846
1020265466
2909708068
1642111388
923987137661243392
1329752022
1361613927050711040
960593889722884097
1336643992340078597
717248595972399104
906033721899237376
1226987423512481792
809891977047130112
988669273945067521
2950931420
370176600
388761481
854139378171617280
738580732788932611
878506681268805632
433037786
1230374741774487552
1313257291626373121
4159885512
864849750
976309716027609088
1238426759902695437
3313723192
736073598
2999609976
2160331753
926492683186577408
1698893851
947956488181600257
974248427109388288
1015046311199035393
775909200941678592
1509994146
14553555
1161439346441854977
1367370630971215872
772491719271075840
1071134231571644416
4191299953
853347320
3677583493
300701832
4727242586
866449869329891328
1025523972
23666212
780306026197200896
4831159888
2910076379
576593000
3404896574
1365433365722238977
939780483671408641
1019850028121145344
1178017531128422401
221651334
2902239168
3230182129
991654582143991808
4849013964
532869822
3168676489
539496935
210910718
2450545495
140684262
554613904
4011924915
163165565
3320851980
2321823397
1274888961140416512
731485344848216068
1103043576
75157771
712829419338010624
259401321
254334071
216553591
56377436
818457120559534080
213938404
1326358520946634754
987463042068811776
703746852
712588438722088960
986819661877493760
752449326518005760
2363133120
2415238502
2335042702
211227490
731879904082419714
1038808067465330688
1443856994
287012735
1256378154110705664
907810656191094786
2345678905
489705858
4664909782
2903496201
183002579
2300910817
1278392033728532480
1305396605756022785
980257138068082688
2578207661
758534236882112512
1023843773590032384
160151626
3003133518
999446168554954752
1295881645413879814
1232183144
2361413132
1301241156026728448
280682465
713318671
1673303298
1392016531
1333482882765996032
1048450401140334593
958003164845928449
2567722616
953868314060754944
1369834765
990777885198761984
1171331575
1111946365511352321
744553481399209984
2840034294
1222774344578809857
1224312600076353538
821649849095483395
114356002
1018138257429708801
740086609052209154
95791692
1071528160800464903
1056422613679915008
2921002520
21840506
1124222440475750400
269489984
1113338643731451904
949078956287733760
1341241423010488328
1007155831211638784
743785562880909312
2301263935
798399749212766210
101157101
373342734
299658824
1330677637652443136
261428112
869978648
1081921733265768448
904100668193067009
1364070216
552605235
482870440
187380281
3548598261
1103451264531066881
1350088464
985480752023461888
132711893
838844059472941056
300108016
338498320
917204842015186944
620342786
354704936
60159821
759225951943360513
344833055
2464012904
987326245107986432
1026162287848042496
3277009980
1058749484618797058
1034977126376714241
4925967109
3194778704
1340474254291177476
471211273
190564810
840241411022712832
913677589
1070239537379430400
127015420
21746932
27475912
772906095627173889
971137800
1215466162139672576
819497696746672128
363004428
636088019
1227483417740107776
2783985776
331934224
23999135
309342075
955912546640375808
1033270268997914624
152187086
734426654903304192
1334603191
945447764049219585
3128867413
225471239
778784815738789888
929491028754747393
1282440237533323266
45433975
1334291404034428928
1295875078874423296
811422623825465344
243068653
2905715473
1297435703765172224
946407229409837056
878757071394451457
16686200
516344402
1954250054
714448794906005505
793947714149040128
4138490009
1030239955262623744
873762928855580672
1028716660612575235
857078745466798080
1226923873
2949803920
1258461735834525696
4592642417
580748947
1256255102240817155
20088488
781674084203634688
36615396
582544944
564738173
1123348535855001601
1184816012
2295448862
277346158
809136024404299781
759098801084772352
2166923101
983561247965691904
1624607046
1385504035
932254391511298048
292848287
633722569
3272125836
1253496504175616001
350557983
440884236
4019828681
1122788431
839952075039596544
799722677103628288
946055012
893956117276934144
1038841591903866880
334218440
194017836
2744425357
3163600142
1207642573705056257
2172990793
971441484858736640
850544183295188995
272850924
2541835656
1727049037
1023706716360335362
251571922
1279846496645648384
1344266617
1372978986
475473415
83324302
3260655978
4519942339
2220766652
976265191
969323044811485184
262844923
863203878229200898
966006936423489537
829006821637627905
2367878592
1428014251
3090808087
91580964
1474074366
4852306171
306645831
1349249714
1061516923077357568
3195583686
2326587295
1180555263302127618
537124392
911816381376602112
1002329839616086016
879771229355261953
2368343725
2223316561
990148985867259906
913149173066813449
1439467980
1254190533884489728
217023232
961341246
172798113
1043580379695706112
3013777044
2526250310
1099529937524908033
3289819439
711029310858108928
1160372310
1512395484
2475232806
2207851922
1245779198658084864
2388816432
819118172
900753525873025024
1030828136764588032
317895582
529118552
298503122
70143686
422073045
1211088998430474240
1261069299734794247
376658609
20818625
346122979
330707217
948427775676882944
2821859503
2337915103
3233189036
3282064970
844353702
1038320146668867585
808037827350933504
2200083298
241035766
351406539
828095039272316928
401177884
3310072645
284881980
1058116345
1423045350
816017482267783169
259431389
4187632403
203387052
701390370
19686888
1040065297
998781288097103873
2790867289
569985201
147330385
926657948339748865
834689735134236672
702325564795969536
1026963476
2463501157
1277620156668112897
1725802219
893987566449557504
715636673623801858
1091240040
1130762983234125830
375465963
909501608
802675223589834752
2855198859
1139944253969162241
707504398235099136
4803313202
583978671
1268821153985986560
907508565924970496
3105867715
3162477775
1704865824
260729644
522371391
4496088446
1341919866949951490
436767112
3348991684
2255040842
50537003
1155574308044886016
1016727293484396544
2363886762
1098917043762393088
844920312311427072
1007402286073561088
706906509175709696
69772824
876787891942416384
339895388
981185602996469761
890337679430230016
952945849373417472
407941247
233387577
437988500
219946429
808729592
236613835
487725649
189153035
2332145052
1166297291575218176
918944750509674496
701955374
2832220015
3127022164
1176924675110137856
991713495375728640
792828186
2236510099
248095845
3095876589
890571622540648453
1001956580148023301
1007659598289907713
1045157341996486661
1304879034
2953767186
1231563618
1231804281881128960
1175153688001818625
29106160
2287176134
962926644372692992
1235602332362182657
2203179199
947327830114951168
1137087564647677952
748043963827892224
819608051590139904
1874881441
747159796290326529
1161859655582175233
839385887477682176
2426260914
2971845084
1341218370
3106762640
767396059727273984
1713221516
1336864972811472896
1040050925551976449
129989635
4877049059
1069533359800377345
1296552259510251523
1071274928735948800
946431803157463040
421175223
1064592142880763908
1160444395432230913
589681650
4866885286
1238903305
874827157784088576
49523479
985802724640833537
943118852291837953
2188751804
1290299471339954177
742191273088552960
913159566
2757118844
755024542301421568
1152081139017768961
773977260093280256
389882281
3018213377
332105320
980800673968046081
995830191703310336
886363157039546369
1067332631283478528
789661906055421956
976396477
1336020242754121732
977682032225472512
4174798333
1114009803926528000
1159857198371000321
1393903140
327274282
757222751673344000
591836109
2429157192
68275495
1484333586
1105987364197785602
1123908240
556617213
61938242
968065231
922213501648728065
865042716819836929
287304334
1143963752
3309710672
38279346
1474270387
566167048
1462137240
1302643066516406274
1092909536380403716
929896467380166658
3281060568
2540370620
3052431872
974165443874250752
4907107946
864616011676430336
941521610
103356784
450514563
1151597048048869376
970786513880600577
604844528
794543462750134272
1073535784580468736
378258204
19775936
906595484139102208
2852991458
1627497776
373940315
951290192601612290
2588396370
1287489255024087040
1265346333998608384
1323330523
1180754052
1092086694965215233
914114882798206978
1331304627644534785
1127205843517235205
123465481
895918008920666112
1852362798
1302217363862032391
1963520887
849000709
108073015
776477930050449408
3197668494
4324706652
388118374
1254853552490582016
1686181861
1277408005781426177
312169175
292195543
1083182840106369025
440193476
953752384961961984
1850062494
1642683710
4902558211
21161459
573975017
706240160963371009
900834756639764481
1917366990
2845068447
739859958745858049
1112575741244235777
357526541
360466099
1038290816945532928
1081331097605029889
1615976437
128881344
813837532408545280
3574005977
187508207
290732230
224825090
1231877514
1009568948
1358278254
712994922178093058
2392511120
764306931552915456
64116001
728028052312068097
1124167818
723606620
2653602380
3005030996
705527334816739328
464679989
765020280133738496
3803528173
1251914192212439047
1187661672
759961005149392896
1215472410704609280
902792805076127744
3307695622
751614922652540928
2149640026
614714699
1324855939
4836608627
775939511284932609
800770928242147328
754395652386357249
562628606
957466047585628160
46343458
944461269741985792
2571924439
195678165
1332144316370698240
870162710540894208
3880096213
931385670
20870428
4706672654
915962716187176961
1189410663367622656
929212968662835200
884274294
1124386358
2770994035
773859901038850048
1310335345167183872
1299753438230839304
1005112581663555584
2150711767
1345119451633467393
1114884502961004544
2780194291
738920474
74274804
4726069460
326196716
469268569
2940198363
795981918630092800
2835695991
806140051386232833
489004788
833230537628094464
3241472123
2686568041
814184208
98085699
2878251556
992503656573419520
1245279395482406917
283027801
1200272947073572870
3185217960
700870570179563520
268556631
972208314
231413392
3211998040
782497895048028160
378463698
476212420
1107875392835063808
1066956487812100096
1031757077742379010
1296153036
1024747908
91342071
2298526680
1064445630213369856
772279910538678273
1210988815428440065
180387476
917587044796215296
1522208059
970322416709898245
2700301393
3166860357
2867085509
609547642
1274358115
1101778798293311489
2329840634
70324011
121211826
4825194688
2253363871
1019606257815126016
246997633
598023215
848225767809048577
3084029935
1142517756094492672
2840770544
2959529005
1008640235767455744
1850526980
1002744048824639488
746402174725390336
307524122
726118069542653952
19325516
833699196226117632
2405458316
1270672846839152641
84296362
4135831093
377873251
2861695270
1311031667541397504
577955264
351102541
408089883
231843294
3124260808
998060762122850304
547596110
1241765179454619650
2940851919
73188898
3106264588
610614388
735858547347464193
562313281
742594003678289920
773012467039383552
956301611919294464
76622099
867905366
4619275638
1078190990
2435714252
306584908
258206278
1132330305686265858
585468767
452689906
3143240997
4462928892
422525882
390736806
756457157306961922
1360057879932383233
841776532108521473
810165003131191297
897794484875939840
3274784418
201656654
3197009084
900942139797807104
636208240
1325980806221803526
278591324
740790447489060864
1513960140
1693100281
1332934200
392032025
544709919
851246874300383232
942643951911219200
20551456
391826090
1262329122467930112
155167116
3244562942
631054430
2589949087
462872249
116421570
2241050827
2508709662
899373520827932673
916284110276055041
279835921
1070116674253152258
90722862
333504127
790016194346520576
715375302818443264
173356058
1020828628777676801
1054588009440518144
1201254522477305856
208293324
1033003704507453440
2453852522
12006422
102339117
724663088
994235536834347008
398485625
893229023601586176
2190431317
384294325
1088267368114147328
1714636880
344774924
912935223951638529
448992836
834188686195564549
21166676
218594030
835586404495286272
841291984316776448
1149705857501810689
793473892673204224
2350176132
754484018297483264
4856199046
1105614416
2363636720
287105360
3243824721
729649839118688256
417027383
972170123900420096
3278647585
1081262483069984769
548606115
759679238999973889
742171848
764493063116947456
2498148175
826205864
991599835487789056
1247174442477735937
231570787
1331288462494982155
811610939241865217
1490609388
140464312
2422907419
779765702378987520
1006537239936069632
1073820467792891905
484933146
2788026919
50765859
961430124980789253
1014710004
2912339438
1122179912
988690372279853062
2402556013
726305236579586049
2592066996
2475175328
925009663107706881
3890839181
1042011147216584704
3110966676
1379099990
3506435667
2534118824
981878574025146369
2438315774
1228810312117129216
1188710121238495232
758327270264025088
529558171
834404474
192147247
432061788
1344716886974623745
1222244369371160582
2880111270
182386372
286639617
283663367
1319193362126327808
2333618552
48441623
1164289303909937152
619115397
1359053364756029444
1074569387292614656
869132488798388224
4837376579
2176886893
728664795659051008
735224403902898176
2478196777
2476978729
259523656
3143353200
733436485441966081
805017188251959296
277278194
172148483
1212759240772730881
89381051
1280771047839526912
1307837806757068801
3418569193
2519351198
23514995
1405500108
