2585303386
1006279573703573504
2419186360
1066183710452736000
38973985
621709500
3143437543
170922117
1289011762994524163
1019586725977509888
1336179546769424384
1333157485948129280
1325534634957021189
952936971336339458
4896609025
740991158051078144
1150933177642475520
1227755287999848448
1134979916343140352
835843997658714112
1160930210897903617
2654736712
349397191
1108303329732390912
1063492853282873345
2897519467
1347176529969647620
1319805314913476608
36355606
805900570146066432
1265361803757998083
985716670651076614
1152236958887763968
753976071742029825
1361738672559837186
1316643476
963552732232724481
774593911507578880
3438826623
54336311
1154210383755976704
1345830008531640327
802231302934163456
727885900861018112
1242360484025655296
1286810788297084929
1031362403471159296
912073763184889856
867071316
1324479085083385856
1210167476639748096
325842318
1262977686957223937
1041135716
791274326813278208
129875363
727701961
3194829756
1346192727457742848
3223867363
1340654296740802563
42968202
581584769
306454176
197429792
1294632009457782785
2329271929
1340605238038855680
1308567971602640896
881285719540551682
2445404041
751340786067841024
2988910548
1166994624155701250
1277176293491011586
42309858
1344621380185116673
1349264252872368128
1887949472
1883706289
221366284
934472234760134662
2269802942
1138190063752359936
24166491
2975701498
1090507018543206406
1305457092652916736
1205257189809676293
1086109258561740800
1326200541018525702
3026339273
980676978641547264
3035385023
1344370596008894466
1294764720574967808
2853890210
440705097
1042994116794015744
1176474867727773699
788557637151432704
1301953252280414208
2941372767
1350846970630324225
452750712
1293518191503618049
957491274898010112
788445966978297856
992463480602202118
3430019613
47763258
1316104318999724035
1308824592665006084
2741898860
1343132141039697920
1285607376171589639
2828280058
1271191827295731713
1249696507105644546
2595527006
1046892453209370624
2707186562
2721440695
848454104414380032
1350376802779160577
1072406701117079554
701119063506833409
1233540809259134976
976289339448504320
749121878833278977
959947804750766081
87924021
1161843728648220672
1307182372669054977
1215598770852978689
1283008566820057093
876851703089319936
1045133255492726785
988433244675653632
1303711746943639554
117864382
1330488314336481281
1071975229164003333
848364378
1241123097530511367
582418943
1252681284826075142
2868446750
23735414
817157422175420420
1294422654691299330
741542265194184704
581509425
3876245240
4860329197
705105762712842240
1253145980116938753
1085007304725094404
1040654956829663232
1287831543742955521
926562507501707264
1361691720866435079
597889712
41222917
4847614820
3251063166
468391630
1348884815693676547
1334780193173475328
951590659353321472
1133195211209732096
1240861557665472512
3182971060
718670173750726656
1333783732986155008
1144207725913694230
1346288222284836864
252800910
1277382853169483778
1303893331290869761
19577477
1307151046007980035
960284592266649600
2712767922
4429158498
2342319039
890100608
1273852425242361856
985416655248371712
145124607
789427091829698561
984188066859536384
1303058387811225600
1271035028684910592
916093735255109633
342933051
1192652039676780544
2425182098
1274444839401259008
17491332
1326987782837841920
1214738413062017024
393532200
1212803007600971777
318553660
729605373687046144
1069921848610172929
1339403697982496768
1173800601974521856
755388467895414785
904171375
888165238570233856
2831978299
130574395
743249065563938817
3272889085
1341285909124194304
1519456333
2412899790
1337244766485032960
752332979863629824
1107742816464035840
1158467251575693313
568723309
1044369659385065472
1530085777
2223246638
1320522674091651072
385847891
898333030187761666
1265500983360204800
1339902119432871937
881937916284489728
1251653104686292993
1122578607308713985
606395050
1902366552
1277392107389571073
461732046
474454229
1355977186021404674
999052888973377536
1105948740869746688
974094293936742400
892271065862361088
328469860
871141601149689857
956313153087987712
1338221397383016451
888998049996996608
1318000243770855425
880652384862687232
3306313806
1347198360386605058
1099905141069807616
1052060842387275776
947309101356339202
1191803757316780032
618284316
2523751777
1349351133622386688
179354019
1340163018357927939
1323675920
1111404013692411905
828784154816999424
1034059613015101440
1277081642931294208
2458859808
1259353522149167104
1267318511447216128
1336225530539073536
1343889339315609600
2372896928
95492011
1345602873715957760
1210790341755858945
1696093861
1294981773600972802
1222701780930383872
713203129878228992
39803192
1343705395911479296
3195143444
2943783655
828621060790575104
1280508084843143172
1241812923141558274
1292907846959542275
3246633724
1339723050711805954
958134495617736704
3126683682
1335632181561937923
1290662584606228482
837333760999829505
1265653453633712129
363144040
1186463639932493825
1268270859636047872
1341470202693906435
2195307650
2924052052
1184307106628792322
1271966118639517697
1149198227729555456
1345902751935393792
768553559352832005
731911622260838400
246997640
2549113267
1233051385689772037
1353814476500463616
1176573326103388160
1070022185274638336
2271134354
1363892390973562882
3297621919
1269389236110753799
1355514106527305730
1139895381322604544
1329488535481704448
3041761287
163292934
1241080048444215298
802224863075143680
1276682732664352768
1134922947846594560
1104054548
793103710540951552
3079546424
2389579201
609946522
46131688
1029536260656848898
1137540057886146560
897951877559496704
1270827042280538112
1133955094121263109
4589137103
1468502053
37189299
1342256987375976448
937977137625223168
915105123986296832
2640461726
57281153
1354037566534676487
1348087475479093253
1124070420645273600
1339564198926426112
991702787028340742
3017789057
1008785604929310721
1258467136781135877
53322903
1146228146
1272729063199617024
887337597701414913
121360946
891198602
1654279704
617498264
526791122
1324501019003420677
464485522
1207517767311790080
2524237945
981931276138500098
913924724471758848
2337336085
747364685385605121
1348454709946888192
1044657556499714048
2913199687
937614938
954517757458108417
1138417856259940354
1322434002402254848
1139710950527758336
1249516161772867584
940713354
1180573237786402818
1858756578
846660772952387584
757639143514136576
1348300162859298816
884207518674698241
1347325301412401154
1132064328797085697
1062777808596938752
1198003734049181697
731141462759510016
4795901413
1201381043946737665
810656249335398400
938626871264083968
1280773417042456576
891596644587757574
845469428749910016
1073473342798057477
3265590260
1357903037298311168
363273743
3208966527
3064626591
1246184533894017027
1262160936879755264
1332413895693144064
1098042390550589446
1029479292
96317561
1220654860690849794
946860147464339457
1328895716794757122
1014097017730162688
1014149020640477184
20025507
1262175460269666306
53216841
802316185920421889
1245837435994607616
487074201
871453149697003520
1199701396771217408
880658540901302278
1329251650393948160
1022590381089669120
850986396709928960
1341219062173609985
1335665081099710468
310089360
2236297320
1331267305981038592
1290162850665644033
404582802
871905652016390144
2764483961
1296975482412503040
1330431622122881024
1087942093291642880
2344274544
783342986
954196524103274497
1287492813119250432
825718620978348032
1269628579047862274
2324484314
1344545463547162624
1330536496156213248
1022122131038130178
970210981254172672
776013690369957888
1290785542695563264
1320869494131142657
1171660934768660480
1717407536
1091531132800122880
970027025967742976
52738787
1164841221748977666
823474984479768576
1117530118019342336
1035401129473888256
1334033352043597825
1290985485024866304
1207281508702015494
1345837928212271104
2758689207
1339721899966926849
850363440174694401
944655955194761221
1323077968491589633
1344312606438420480
1250665334341689345
80291150
2769911459
3279859236
1333065418404106242
1594707666
2810603055
1019339132189806592
1097606690286039040
1117162205273886725
1021446016820654080
1651505107
2868452972
144399961
3029615021
1214842940029362177
1260911325733142530
31780405
3253748868
593218471
2959467124
3393609509
760303626388635648
1043788550
1348718334892773382
1712462490
1317696054989639680
1054056234318553088
737504982602113027
1317402248297603073
1567968002
1273410397412917249
1234956464407666691
856104462
1418338651
1347986840893214720
1344847974858248192
1334052680767967232
3257058558
3160656051
2941101856
2355608118
924984299165749249
1344444537779884034
1225278787698466816
1346117322684166145
928249879473688576
1332448214444871680
160230763
3133244813
794905400
1333843828294512640
1153184365511204864
19608614
1235032241476001792
3054197818
1338635852948398095
1345551873877667841
1333307614197903365
1308552502124646402
1260180366347735041
2468716658
92491780
4834448962
786135526252445700
1277544284166803456
1047781951380307968
2697991389
1093915686659739649
1270832322271760388
1247644114411290624
1315782144501850113
1318044956070539264
1274328839733350400
751174845174419457
22266423
1231257914339254273
975468496925503488
981746819607674880
1346244047858352128
1300946595291242496
2869995047
1213225304673546240
988744603
1321505026137751552
876113408
3253019782
245611689
109703216
754537496483024896
1028163230311440384
87638876
3238898126
1193243539800383488
772189440810844160
822216143389790210
2533614256
2299567764
1002671527278637057
3079058685
718081390797926400
1218531712721776643
1238463288624566272
1368961228832399360
1040392225933258752
1326456649733693441
1342555863148425217
909602395759378432
1070353768187744256
862789450698559488
3309544381
3112098474
936266608044941313
31603951
2997190600
134489294
1115669801580486656
222736011
1264638086866178049
1205887974136786944
1340233329967165440
1254830978842968064
1267004514999005184
1244942121984917505
1009521055231369216
1267758673083813889
1344529006222331905
3430438235
1447270225
2908013539
846436460
946452090091577344
4356755477
1088256255737511936
905700949544620032
1310958142235258880
4797155315
1076837144142983168
773745964217688064
1137469630920835072
3657045737
171252079
1332896669097218049
903453607026016256
1042797289100726272
4849014780
384370108
1232779580517355529
100532107
618532339
2312414096
51072294
1134607940361441280
1253819069318311936
1166532534244540416
1345512944478474241
274218774
1274481971188477952
1077444369588748288
289000771
2263617900
1139425947550011392
1333770283065376769
1324567427108249601
1244385150038937607
879249108
1334480102843944961
1225602739020992512
1333918496724574209
1133896595647455232
1102356144872251392
38802490
1230368605373521921
2433109676
2918018754
1314282394124521472
1130186413432090625
1302837862493233154
748056577849040896
835338073324015617
1196668698150547456
1304377818533572608
3336056086
1315311544494948352
1260603309162852352
1340007014609534977
1348306569822396417
1348019731912151041
1346294821271515137
1065450871360839680
1336911769088868352
1118527747855474688
16025877
818327710548246530
1257103027397427200
1345995591969505287
40673065
1157676342227263488
1136599477546958848
1286106778288103424
275097319
852179756648996864
4795642292
2582965866
1066583377
154754926
1273864376467042304
1259541652219158528
1196688049402335233
1340421428726931456
2369883509
3078817780
1348680534541672452
1029441111662764032
1322294400056111104
723716304369131520
1566729626
977811296992276482
1040806631267815424
1311154690277609472
1173813634176299008
1344538536163373056
986246629236748290
1331754263786217472
1033799027425468416
1238684029102084097
1168981904667885568
970246633685368833
1185511433515044871
2967246954
736509200038121472
1022640101669711872
1348018013010685953
1178853530842664960
1074687786622476288
1190884715965734913
2898075551
1125156587016982528
169159943
1717826821
882181585767874560
762292093964259328
1299350514807701504
1286333138826756096
152084918
357503694
3887851034
3020780974
1298850354885349376
1058838205397647360
2244953047
841487587034378240
1349147956532965378
435459386
1303916098606174211
785571763367219201
606850707
743449996150902784
817847087744192512
218470357
829113536756449284
1348672080330584064
1347985124676292614
1303148114178498560
1260671798049472513
2380643323
1210652805087842304
902601342899724292
866435182353682432
4704543914
1114917726684737536
1179993649528000512
80519490
1255166677949526017
1316498770381737985
1281375653141581826
1205643490014715904
4538426962
964000619353710593
947226392588058631
1086807285941354496
974182974483771394
1350331826594697219
3099977026
1084378279631437824
1093174882182053888
982772767551442945
1252760609789300736
2481197610
1157694660745129990
1100225714668724230
1260502626942230535
4095713549
4345150278
867490235248148482
1133387428235030528
1347705037162741760
878367568544882688
1219763257650470912
1345439945465294848
1076346643111243776
399553408
1185444000209104897
705761534874624000
1040365442534191105
1050223661309820931
1344462166448025600
1261602748530900993
3326076330
4904054127
1336721080103305221
1322588630528020489
3298561073
1013116414218170370
847712667817041920
1336410423738970120
1267937323561504769
2382231072
1350586550673932288
1346364071403257856
851920288816275458
1359233182034497551
918579227359924225
1060698393671020545
868784640336826368
1255483856418942982
2975486065
4646639308
1224904872526602240
3548495236
2574543773
1090658305851252736
1270836412099596289
1353487647650549760
1330610853557587968
1358259629260701696
2157918696
26869776
896159616219967488
1098889192652718081
2842686598
1078744979856678913
1212480859099385856
1334637153762996224
757148497179095040
1267838703705247747
1343458005283708929
1293941454893658121
1012819906151084032
905458855919861760
793952065
487516127
1350044571497992195
4875854897
1162004671864721412
1125534758128189442
1134651983204311041
1249716222712860673
841314042048319488
1291702616645406722
1160197276083609600
846556609581015040
1357330715378135041
997701836978057217
1260594292155977730
1343086052593033217
1195287373879205888
602997628
2837366204
1010332796680892416
712070700903739392
4315656914
949345322467282945
1126649141654839296
1276434620876075008
824002774367137796
3072861
902071298645532673
1283864402048028672
1234203860098539522
877551922282192896
1049518350504587264
1140832445979213827
1226747107123449856
1043551798240395265
1347429647617675264
4238762171
2523372090
1334887417543876609
1118336357552644096
1235719434410627072
1289332456647254018
1050893877652074496
3060595885
2739527956
1329073005889155074
1089347527642570752
1879511845
1074868561204543490
907295448527982592
1347546187910447105
1310648788868935683
1071104204511633409
743371619880439808
739638227334627328
1078033188038066178
1283816908253470726
3890731157
1340042483347156992
38338201
1170359072140316672
1268598673685938176
1127155487156461570
778382067101011969
1013472120
1282205864393420800
1341531403075383296
1916689670
2989117945
1065665309745516544
1344634745783681024
961705974
1294843449535942656
1160165724247269377
1173286378102243328
852371443
1336559523083874304
2891099846
914894048804122625
858762594169098241
1126311008987959297
2774486515
1212537483964977152
1241575043735392258
3039743573
1065717337448427521
1289708306
852059701
346344479
1341359458056765441
1314965958377852928
1313511196809744389
1266756068266278912
1278283209197797376
718984915929288704
1123053319440588800
1273626378491969538
2355602810
75109256
1185954416450527235
1335420303367761920
989912346213535745
751531628707586048
735901211979845632
769639285276291072
551473324
1261370454003990528
735693795052785664
948066193717547009
810207915923668992
421181205
564808133
4856987935
2898164206
242128594
3632066782
1232764357634920449
19955027
1276112400
1235917034
975433361937326080
3337891744
1208984384839331842
490222382
1270485083292487680
943229686456377344
794463078767173632
906335633035030529
1314638288695816194
1324435429337300993
897302459445587968
3298920234
349419186
1231542110500933632
1307184559470116870
2225867710
982784614153334784
3431728941
1246306938540998659
745609722
1253530075674234880
890592039183798273
827264007287377920
240947156
969545251701497861
1111808844718432256
1330805708770734082
1032159299471065090
1363825142678368257
1087198059497472001
1093626319269707777
3910940423
1333408471635660801
1190271175341068289
947129638261702663
1290349054275264518
863924747788320768
1125653155755245568
1028997946191183874
1076387637424836609
1022926933489668096
2404872481
1031477505754980352
994694485597655040
813506203896512512
967056121407078400
1017837882428583941
1141641417900658688
2234768569
131893223
1243450494015754241
1017258667
1328052396442996736
1255987352033468419
1348634971863461894
903009306
1279455370608627712
1346755434929999873
1355384897297281024
828903645617876993
1300126051872448513
1348433690590904323
1340349465950105600
1029980366680059904
238725092
1306808890995204096
1324187251631415296
1300333982152822784
2564780724
1191217238763851776
2747209038
893004375764852737
4639757113
1293441271722151936
1257822104579264512
1324014487666528256
1326595591971942405
1317036785470304256
732499176232083456
1118877975653625856
3271153434
458772205
2894058556
2726405556
1584838062
30672312
2770456629
1260353837862395905
1340874283778772994
3064626093
1276935172823420928
886874150924566528
1214253439267397634
743095067829764100
1164277255
69460994
2505906379
1323530514049871872
873320881514323970
1066146973705596928
1304110617029206016
1013745511
49737832
1313072013292924929
1022975361401925632
3355831431
1316442636975247360
1128991251813019648
1346159893179457541
180973728
1084862090895085569
139929208
1336789281365483521
80723490
4890070748
707006360521728002
3311847062
261379728
1339895886
1274872187426680834
739024112845217792
3406849640
2266639571
1073079230466949121
305962260
1285839276270211074
1226378084
826566579785760768
1282976533129293827
3056059364
1264062476393611265
3010273937
1207718755498774528
169245098
1287336674561687552
1325072845861367808
931038446725951488
1319799719283945472
4896778768
742440602277576704
1335728276
1217487782786019328
3284745926
1015802155817676802
87845018
537784014
1312282123315802112
970380079661395968
3039200277
895780108568469505
2876284885
353890601
1253226361566703616
1219026284015243264
30965623
825492281872498688
1311520693432053761
1146844258235760647
1252948205110587395
1169663911131537410
1321336874934231041
599428244
324005991
1321581630738366466
761223368993607680
735885091449147393
722191539619917827
563057722
4889707568
1254732890904113156
1075062402083889153
1042916205345103873
2975639041
1206388767575048192
853922780571500544
1172118249313583110
1348444933477306375
1217699217889607680
1271701167173783552
954833079943745536
767601652148740096
1345526320411729921
1362364761334312961
3061904947
314945286
1076190407527202816
990840275638484992
1295636671023603713
1561843124
937102489308057601
1151006494638391301
1163157796810121217
1048519105941106689
1036843015212425217
741413722258702336
1075837296627384320
1423771842
1211422302073548800
1237889887384322049
1264978861021945868
390244078
1306798732344659968
962826630371659776
919552420052529159
796826564214353920
1305706270347853824
2682145551
918270291490439168
715280931
974934054
1329343786250432512
1273255387685240834
2372600622
1330614872074194944
861013363215794176
812359807080525825
2775179665
257348540
1936745102
1156045587797561344
1265774491105464321
872851078706061312
1079526439656062976
1330075819
3773494752
1308282479028051968
1274545628035629064
15880389
822116204252893184
921740756326301696
737555112147582977
175220567
502473261
1335359700
968576658025472002
1140958216161021955
1104859142135709697
3832050492
599264679
3728181614
536532683
1163011451088334853
884678872704311296
1172204456219422720
873681732423172096
4827576298
1146589514309046273
1348985485155328000
989815540813189121
3396065253
1321488680054304770
1317740290506186753
895926457
2528451843
2819532719
1014903141098278912
1347572447680339972
1055329449204420608
1270981475559596033
4822717443
959616156901326849
2451880682
1282892423828471809
881424184093454337
4700951724
1358677232881786880
1072107490836447233
985410141888458753
1339290586998837248
3689046748
1168642772154429440
2231659027
815339738005651456
1963437649
1337229811593318400
1211543939569745920
941386691578941440
788519642918707200
3028546657
1247418480640450560
1214031241948712960
1117697518899347456
1063377087090868224
392473585
1213719639319990272
1278726677607198722
2909392980
1315477315
1185843204693864449
1104075994837725184
1008466330251509761
1353921249911648256
2224515380
1318396445381283841
1611803036
1093771488639868928
1324493252175699968
461703636
1231290555876941830
1272128218229805057
777614478523371520
1130634021501714432
50869138
462858420
325332159
4587662120
1254633052455616514
841296957826043904
808788504
1206438728618496000
1345310385491075072
773025705571459072
1342482598405271552
2483569069
398168668
915000036634882049
1056067749321949184
3289602644
1193594215500075008
1181232088831250432
820029687204188160
796308464544821249
955857671705563136
1722374648
1277277373092605954
4818447891
42461532
1262254487927996416
325263921
878384706450059264
1249827111344443392
1328527794897358848
1067931677870055424
1252372357819191303
1282942196216291328
1256184619491360773
1314058353384054784
993952729654530048
2269586354
717916206041337856
1346951319131619329
1330401160247775233
2760711375
1250873087828135936
1333407680522637312
175898118
1216851529644355584
1264953328263364608
27319451
1221263129343971330
1329060169699889153
1686262356
1241157018
1096731174276341760
4700034017
3027232661
4901090782
1328540855863533573
1733804833
1342693376424964096
2237847763
3095498194
831962419048091649
1353099450483404801
3091762271
2402538828
1345603222069800962
3162402793
841351123592237056
2974062855
1299103025299161088
1338657974189916161
1392156188
1036893356868157440
1338421566963503105
1297716186939977728
1147945789647458305
30957034
1303811814849830913
805211551582011392
1099886732407902208
1071860097700323330
2238429480
1341292983270821888
739837478798905345
1299470848982540288
1293888213791039489
1069784238143275008
2955285380
150827286
4059788495
4603242135
1204066455970549760
1287132932709048320
1283274392198213632
742735380928028672
4235055672
3273770521
1324395298735722498
1293933511418744833
1036234880
1179999399138586624
217271988
1313219017268703236
1353789185199583232
983881913843712000
1292760191868399616
1255899116510609408
1197831286586347522
845269888860012544
624356448
2746524579
1027038874705506305
1012384179483488256
2382916632
1235302898571120643
706910135256481792
1157954030167121920
3294088308
3287863968
752740404743864320
1086163083440148480
1296823100928135170
834743188808036352
1251031335944065025
1246598727567060992
1960145827
1310033152337940480
1077196425652514816
855546630
756305997455626240
1626586711
2525535265
544422252
1066748039648419840
1129715650287538176
1234526696121913344
152612256
1005488734404521984
3376477264
2812368859
1316769751109173250
1352486408749912066
2722879578
1189996756903301121
1135249361997316098
1093402812275408897
1335054368383578112
973507159513321472
885364659582324736
3213148203
2183262738
3022073374
241467963
4618666340
957552133716393986
965189007901691905
3197778414
884840278074458112
944761538635689984
1354313376449646592
1280554197751140352
3068940218
1201034468804481024
1239725509644374019
1016569397975048192
802536135499120644
862299231033466881
1077104287170256896
67950856
1088291968797626370
1342151011192905728
1331277081825644549
1151527662378082304
1136842214607282177
1348539672893423617
1351339331659640832
470296286
1300948769639460864
1318763975509643264
3082074803
1335345214295334915
1343691260842938371
1367683384177094659
1462864326
1179754925091221507
1185998630106173440
1070845506174087168
139580286
1252101432028696576
1316969537594707968
101612265
969668798126030848
442547577
987385051552866304
41747085
78692916
1063755757
866427454759591937
3188931447
1320286693472174080
1156828552626524160
1080579256974012416
1044076884626210816
846549757195665409
1191914584371793921
1229491371465232387
3259266199
952187311
858521315300433921
1282535586356748289
1287219344053645312
1310887453989847040
1012362383434571777
2981452029
1109180975227895808
614421605
1324080146505068544
1244910527207239680
1162185040945504256
3137746090
1143746800173682688
1069839007985623041
1166331876153278464
77628985
1079639276806176768
269185309
339185479
1349897563395272705
513921389
1333677734342631424
2330952516
1340222102058745856
1270980624032182273
1338000631299145731
987369738232909824
1290294679083405313
1313784300551036934
1311961199102185474
1920047702
2411403157
972404190847881217
2728329675
222772441
397889504
1315831041974771714
547930103
1336860195167870976
1132700329789796353
1255892128011616258
3386359467
1251581430687244288
1124407187281936389
1347748667374112768
4822671814
3343906193
3070137555
860277608528973824
1031909792
3245912077
1275626329833160704
2752385936
256132466
1310158425435844608
1012747398530195459
1351322886489993216
991741235919548416
4083672375
850656708057628672
2956197665
2153214635
1232132375640850432
704417711594610688
1080696634617540608
1248455788042936325
1290495004528410627
1113561824828514305
877505888
1188891958460211200
3074307665
4827680247
978032242688606210
3037350225
1278189561420619776
1327355510992023558
932792663077666816
785895469536772096
879570925
57065038
2822750209
1076599482928844800
1353911036668207110
4772739378
1067661389018394624
1347703168222851073
1336505630140616704
3587438172
1136605698312351744
1248707965034606601
224414276
2588444348
1213850024448155648
3313147267
1326555541259362305
2534019282
1310225934700535813
757452785549881345
3124384487
797534009077231622
1022576859391971329
906409887168700416
1172981005063356416
1023320402813050880
791347670216499201
2388505262
983139306691792897
810761071329820672
727822908211396608
895259822609846273
1281263394935328770
789359723938254848
1225086808012226561
794845534531923972
1336431271040458753
1192149046225448965
3013777044
1266821035233611776
1923323047
778546707051208704
2895015355
726221188712828928
562855012
1118676098
109727912
506591368
702117470266478592
1155590509286625280
3188017495
1340271727838978049
1421202410
1259716528385093636
986502605454032898
1190532306320052225
1086378965986615297
1012275418647314432
2308486330
1285124797467430912
4883795662
1166797279438618624
2930645307
3320706200
1276598121498214400
1206571371607855109
1320708416931811330
1336344193992691716
866881256335724545
4709310617
728818943998103553
1245080425241903110
1261756750673457160
3577833031
907828049806348289
871387064171876352
1094534236697112581
1249275731579985920
1017582543996981248
1252800465906982912
4840876814
817014266242875392
1230067005212020736
3426823205
1135113463431290880
1026090739137163264
1163285964049080321
708446437479030784
1155672102508171264
995630506728480769
770309889503682560
2541864424
1330578705538818048
1327476955071930368
3376161525
929913720284758017
1265893081611669505
1160372764123025409
1192274450034630657
770281831824588805
298752367
546268085
2832817862
1275054777626312704
1363100053
100401310
1348120951817449475
1356278143376642050
902330039068393473
1330372562077904897
979051770327568384
1697098320
1270941173369036800
1269796651180404737
886363157039546369
871690652769275904
982471914445856768
1358363067638190085
910657307893215232
1345884778659254274
218325515
3225919244
819901188
2710961820
619309533
159906445
790761658318589952
3399949761
4218854593
1442028246
1329593875548213250
1040191609449656320
1209187896135041024
1725827340
368582084
712279495353323520
1368574843
1360744397332242434
1344998403546128384
1330206892795326467
1862390864
1183594462343241730
1124212053340635136
1208012402740137985
913275647556014080
1289534284865220611
813127401416851456
1236267907987857408
985728576891904000
1315801669901246464
609031959
3814098132
451914222
281375263
377658446
137931649
1273749082171899906
4516526953
898910306948272128
2257195580
40864559
1019650183943147520
1044621903510605824
1336289304683823105
1677367171
738230208256475136
1255315026803638273
90725741
1343479721376546816
751614922652540928
1352060873917906945
719350585456271361
1484820662
2765416070
919497336404897792
1323445624503783430
1160662627657408516
892419105726144512
708496530810900480
1143908701985824770
92386761
936758944113889280
1272848333262987266
1337225352767295490
816601733891690496
1332589751459741702
1236108020
77555769
2571549181
2305710560
1195949931204415489
1304386178762891264
1033660834533265408
4819225918
1087728102338371585
743177501367746560
1347746212288622592
974258720531189761
4852450754
2271118190
1335045359962378242
471515162
1036042072959021057
1009902775285768198
1297409633380859905
927094048732594176
1876614204
715533308805980160
4903388387
1271082578498383873
753797966461296640
1297011942528176128
2553746484
374926296
1358845934021533706
1332671338398400514
1130331882846150657
2620012410
2718214807
1312065294387486720
721421554194771969
520026606
2443757131
1302858863952056322
1345447127460274178
1531645916
441630480
1344291729873231874
1136038688276787201
1321948699493163008
1010067370621186048
978361557884207104
2892432693
599413038
1206172288342618113
1338974898086178816
1961867018
1327704778491781122
1146543438520889344
1624925587
851888628523511810
1061100978638860290
1321364404592644098
515140292
59565844
800383677511282688
1355316626988609539
1121825156693774336
1110022231000797184
992593382491947008
1183679630
930982157559959557
3042061129
709472420
1347243653757079553
903667347713642496
3046852491
4549295547
1340199879977566210
1340082558189654025
866805437991194625
3282725168
4011409100
2447236561
1229802243374886912
2361639454
1295057115422380033
1253628344270073857
1137629285898842113
1362832172017586176
1316718662242320384
386500159
1319068236994981888
172148483
315571002
3527101639
1304545439417470976
715199799700512769
1178080845393010694
