2150140909
756253012151062528
881567509756780544
38038638
1357498317635276801
1025014912748204032
1081656685897236480
597087269
267430092
856340350054445056
1260797010820521988
2678075119
2515617170
701886157
1259382632183447552
840534887291473921
797974436
1132416764548042752
2393049151
1476190778
68379605
2652509191
123997761
602733368
1232694750454657024
792104300277215232
1141789732831023104
3160538186
2835404944
3060919483
2874581789
1284561625660489728
842573057667620864
373749823
960043409137393664
194269631
1278094022087553024
1370477706605903872
1095384142768832512
1055746607474327552
1263664267141640192
1811356640
2896278391
598570381
1247302507900162049
1281779100613369856
2248246916
1105284412638404609
307609694
1187884448
783703356703379456
582316374
421607700
1298092542521614336
1310947762012327938
3061634712
175524680
2983355893
452795830
1133353517618327552
457944761
1305019840785252354
3347990643
1003849294137344000
437809373
957042491710230529
1957759310
1246186120238555137
1031748475137019906
2448164070
171132217
1217141279852810241
1284939009488310274
1169580268044185600
894539729974288385
60765841
894066252854960128
783430085693104128
909693844635099136
453067122
2940382501
912143573432147968
2352571016
1478451414
1353279538705305603
3496818734
245181989
997098304289697792
1041794654893731841
2792691880
2387790751
2884206960
2876025155
3372742121
1278088621896024065
39846912
975007651
858000970915078145
1239178742536306688
3050713877
406739417
585999295
4449874634
1004940894389207040
737772474595737600
830618448577208320
2436770466
740927856172097536
3426578945
1233706891638820864
1322152734150127616
1079629091710455809
1331751668409516032
2775226074
973096878018457600
2926029992
1664235050
982613874259066880
1163933060796231680
962778152954220546
2946634779
1321175425
1314275086023696387
2740084438
4811580254
2728825576
1246963312908054529
3229985094
1030727387447742464
1036923987836715008
67367541
1229687089664536576
951051538872578048
440465683
33690158
388089999
703211125081411584
4487989452
1092610644702986242
263655425
792101620997840897
478272192
1000746228106383361
1694755446
1145922383745867776
818715321439617024
113531262
748552390220087296
1358258867524800513
2596808414
897633857914245120
1603431974
3301975327
1220556050
927937957360734208
1237179974416764929
938199100566028288
1100253508635320320
1220217447325696000
971084430151442432
981828894788501505
2611118742
1556721186
837217492208611329
4427199493
2849627761
2868446750
1082104117156208641
479003548
1267300185073504256
107126851
3140280164
768960719480119296
1188460580476260352
821206400030408704
1290553708330262528
2402226930
603127017
1238904896742719488
1732245912
2917853803
1328376539940065293
1113659930114842627
1298173663389286400
721396843930894336
917974085195456513
3066877891
3298584628
2707267525
797277055448711172
1280801007077781507
3302704302
735889959425572864
324535877
1078102797583818752
2434755583
1037136320215363584
555558742
722072989856956416
2475745039
1314067847056818176
75410756
704447223916986368
2347131927
380615277
1066224531818201088
1223395257460518913
493274023
1330004050964672513
2913425964
79054058
712163
987513677111672833
1411758146
1107825359192379392
2900254941
415752547
1046274893803806720
1342943037211684864
910108887390371840
48238966
1083520682334580737
2148864382
2942450775
774617666476572672
1088261937853427712
845847210784796672
1664366678
3317385986
855244419410386945
808706000517664768
2564819576
796934214947979269
1090297801718796288
24103458
3272889085
2164674656
985826911795449856
2914944794
2457167870
3269733734
770336704376942593
1460330713
168796517
1390949838
1259344769181839360
714598726212255745
1001040941942099968
2854062634
301823230
1466534046
852647045017903104
1086919710870888448
1183211628264902657
390895997
1206211292563947521
1065928686
953464249057140742
1679485734
880059264685023232
3256547102
1208468248104259592
1337753277094572036
1078784799588868096
1201235278683398145
1342056915891847168
987814724564905985
425566128
817128903412252672
2587284597
2387623987
1255412331678502912
786471745121193984
717534958957400064
2397102991
2281110163
2153332218
824385057922121728
3068626748
1911342121
1185984713124646912
991362653183295488
3288458318
2260954272
844053332775895040
2406298128
2398132099
843899836005060610
3242200443
895436728743362560
1164255030700052480
838603775761920000
744832038855802880
283916177
1078123274884632576
1332848467111071744
1033080245794922496
2387804912
597426772
1318504369793290241
1345318646093111297
4004931689
1289848118687731712
901303904780124160
3675016394
826989148196130816
740437878573027332
3665300298
1304919873894588416
390059521
1553954804
421948194
4260149239
195366749
1133263453282480128
483265825
841037012
717278443314917376
2147987220
1031505648
1072332367769952256
63411021
1358290430
815853113076654080
1345136837501698048
1334156692062412805
4155104894
592313254
795191569783590912
1161952016827998208
1328375166284554241
1175368836280811520
941201188116033536
3091944600
1154935470620413952
3032988555
1015048650093805569
2309621634
1937398051
1057638236686667776
455355978
727592703903440896
4702712474
1003601759795843077
1118831859012476929
332416651
1236939940648431617
138984489
1218272909577326592
1063545050351714304
2253737834
3434342740
1164645790708654099
1266380621099577345
901532288948871168
898292825326059521
2523438193
3195121978
1137872711387164672
402189046
1010567738849456129
1006795316388130817
1318562113
1104086199872892928
1255063527456493569
1650184250
2976656129
938209990682189824
775323284674150400
783916461521719296
2381193314
1262115048568369152
1626111745
262864030
2199811450
34768908
603556862
1291846636700917766
778972853551128577
900360701721686016
1202419082395451392
2608351688
289679743
351457191
570094467
1035621065932906496
1304124180900741129
385216277
56516327
696422185590591488
3555256166
979571035
2846156828
3252467718
251673666
1326139191558873088
1079359120161927172
1144548438056423424
748938639321681920
1601340320
864941599414902784
2903400163
1648251420
3053628531
4861890082
850015707530231808
2603917944
1044657556499714048
2722715744
1139328469639290883
933566293470597121
2204135779
806410621516451840
793643591151214592
1042601388117766144
3250160455
1858756578
1216822189787213824
61904886
1159367079054548992
1067821783309443072
2176156056
554051135
909583114451640320
3064074179
3307178256
1272989255325933578
886268354738102273
383585212
2416441129
1176187217066119168
715309338265579525
1334515231431778313
992686576864935938
1089753082110521344
739374967
1193879835258568704
1711822490
1121396631339855872
316339758
273663192
3493097652
1194671280709963776
1270978070686679047
2941095262
2442281718
1167535434190204928
2167265828
995907169
1044361880800825347
1287778976749035521
1161349573224407041
824970162
2391031746
948342536250241024
627727118
1008904332316696582
834599204
70304961
860646281944977414
840162174693724160
1273974193022013440
791650976
957204773010378752
1169111647778160641
812564718032293889
1320386777606127616
580843913
214783065
890342204593422336
735711671264514048
782211165132906496
2624402077
842099599749791744
4691239494
935958861428617216
867865093974794240
785720448801579008
815892534803054592
1003355490238193665
950457148273721346
3117546304
1239744500014239745
1262906867380105216
1621641300
2469748242
810152791
3176945774
2955963539
832894734523707392
1107341482313306112
1331989568673890304
1732088348
1169839308162777088
886053870413135872
329498813
1044553811614851073
1666586755
2876889519
598750055
2897152152
1356892078542893057
2875896435
1176059520126087168
1203364031865774080
1136738484650221574
1253764904751955969
3372256065
1069979499276705793
4354740327
1060570931888775170
1018183473381695488
43031238
1244644612855205889
256189280
1003329602004058112
251250441
839873746676563968
2369783156
1179069324625158144
177203356
1115806993707671552
351790372
1834197312
818620907769958400
1168222610552803328
851239076112072704
1088822541311983616
1250584099
933499657
3542016672
4056687527
1716391760
2189348180
1334739656328552448
2895224329
167968717
955642734638907392
306940262
1162447396330098688
1210445088226045952
2357472972
1666796971
1231992574455447554
1103586770938032128
1268653196542648330
2465647645
3974260033
155806968
994570172118716416
1247016849881083905
4766830829
924364261786128385
1185599672100048898
1088918981816143872
1198809178678190080
745619996663943168
702222729999728641
2489741544
399088943
839118189942337541
2311430816
1339542674525855744
1076714025147199488
1110963196729458689
1167281416448729088
2816190092
198170227
67346573
1164055940783456257
1099395404569985026
1010027612943482882
2525740510
1088184170482872320
820296099768385536
818690915803893761
4549360455
861832687551520768
757724996303290368
910188340934270976
2252836177
1230522984600784896
1169973333640613888
1156052030319976449
1307427557206159360
3239236971
1105617120380047360
186570028
813794219777212416
409675007
790435798738804736
1189890502948270080
1014637292567183361
1258367799975481345
369768161
763118176963932160
216927806
2890602430
1336120957119967237
1537328060
1086090840
828885950474354688
926556069542768640
1316942742778359809
1393667036
4261434125
896287328833908736
1024914021709885440
758548400
1257006912224157696
296543202
1300488098439221251
2273237647
498379943
968574916869140481
82916257
2359617552
2375515904
2431227277
2505992365
2443278980
1278704173790498816
1312500247164141569
1054792219201159169
1297644927854108672
792897634310782976
1012452426786357249
1045016961212723200
1185825281120100352
1019020677561667586
1032100641450196993
1107200516
1571873796
4614716129
2370620762
889337829007835136
1261886186504806400
518009257
586917624
1115536592809156613
3055356894
46503521
2406248527
540467551
2739392416
131259560
3033273457
1261728205381214209
2943182716
2404767588
757726361926512640
863788171263389696
1695528368
1282465833734877192
2956441811
1057625063078297600
883868503400370176
2582863346
612860249
358573313
1316277723308974086
53525870
1581690120
1282404543846846464
45091549
257377637
798223055000571904
2948922736
2308916510
4818998453
4034551100
1202092385297215491
2205539016
265210054
1182968549540675584
1289096352371113988
1247329737111785473
1205506606135312385
2162133721
802343431703887872
1049755432905056256
1175709271708852224
979025255376310276
1059279470
996358580
1080047864875606016
724122952870961152
836443537617006592
4490538373
2536146969
1059784066642280448
991516010997051392
3210587909
1270754802780327936
4032521472
294782101
1189451078556774401
1321964265507610629
542169760
1160474968427098113
938470910042034176
971626346257383424
1022010340031295488
3282192182
978185410076729346
977058817363017730
979303364671557632
1291763077260750849
1158688931082166272
3071829753
1317335476542476288
1018824666
1227837666873335808
1260434591573315584
1103436955495354368
2220659240
1083562626716745729
36262144
1189914520837349376
1003298004474974208
705506978970406912
95959691
2986433040
933870895176863744
3384778563
3361013177
715676430697369601
4362853157
1069919557
1102356144872251392
1223181191026638849
1251850945756925952
3273487200
1268235675360509954
1013234598409482242
739982573833703424
51146049
746194201054851081
293737563
628963807
767646855614398464
1116557049398054918
1291360723952492545
899134047795924992
296237120
2941579246
809675407
983506698131333120
1145083136298160131
735594277041016834
1143560091708350464
1036095612855275520
894197475258626049
1260679609743478790
573305171
1047196344052568064
936059947527401472
1277774327807688705
4856401903
1536066403
1011897839020961792
79657196
839885366500999170
2901744747
749053386687811585
1196551122552532992
4838634614
3314118902
2847555233
790349043604086784
1097784652381782017
328576793
1242675026
55607454
872855562547077120
825897053452660738
1190138516564516864
3318222688
1669066082
231440997
3504668295
994729931417571329
899363186260017158
810537730983821313
1312079734143102976
706840631482519553
1074392841424580608
1070441378981863424
821733155262595072
1335314263
974549322065879040
1081733033378508800
92657452
1293479846077542400
854815753765343232
867224310838173700
1569647172
1022356641033936896
1255937294831423497
41323915
279706194
887088449009930240
1077242338123014145
1286401949508788230
3380818540
1529869766
1348719083907330049
735503622
1267590646157635586
1080958333433991168
1458313218
868841517829562368
2270738546
858803525962387456
1209250788322750465
148327186
1185972311599566848
526751616
565946283
1125471799641280512
826817654518226945
874882390090547201
306372835
894773078
1331762413
1266969819884089346
2545036809
1261187876584374272
135100569
76606815
904553093127426049
788464290072236032
885955922572435457
1070957795271426049
1207225679999373312
1283481558201118720
417965347
902491177
1051280414415904769
1178912871540912128
1300793305270288390
18406142
532762163
324259727
2950912861
2885015296
1483223928
845023201
1171165560203358208
983846640581738497
1330246935782039562
349667603
996354862538424320
1296856028
3294662780
1078118945037713409
1018873674244509696
1280984139731255299
1227517204196802560
434426754
1004737248
1489231106
1163418222529409025
1122702888768286720
767495364223971328
947385013
258935504
946892300692672518
1182989889689837568
483578952
4896308619
1189155303042043904
764897581109354496
847544448590499841
1345567913944571904
65550949
1296696426026729472
1258073714626789379
902389021338255360
1275866474394107905
1892379949
1179392060027224064
1374117895
832799044015624192
71972891
4499259101
1144720438595063809
4565040494
434519913
1185975142293397505
841047090
1252748331887071232
2390918228
1280093519621820419
265037351
2423150642
2615305758
1355533027313651712
1006662625470496768
591364381
1003870291339063296
2351511024
3002272679
1017987188020203520
2165559416
761819107767361536
2814098162
712070700903739392
1143158145683841024
1517893086
886982653513039873
839216856615378944
1342269455661989892
21332229
2168441563
3339037239
2599114980
2539868087
1264720284
996259196919271426
1144229169821179904
931022077
3287437422
752692725649141760
153955835
315141727
898405397387595776
737874127030263808
4181073613
2407683639
996367273
2494398504
979785630694731778
3240224370
3019523021
1128065805759987714
1087754130137993217
1263185887967563776
1041855514345230336
2874459361
419815869
1349138331917959171
1138771580891197441
824837548828614657
2159441073
1298503338061729792
286973433
829399543879983104
853169705082859520
1409503213
846041948897062912
978523414133538816
707021449047879682
1315052195629461504
3219070941
1289660726584508417
3227607603
1152813816
1133147693394604032
2495757613
1329182819550076929
1155458555635519490
1072673282158137344
1043632860996034560
18962291
1096513716080783362
1085337451
1296797525538734080
789947906304466944
3291781225
976677148491730944
1281623906487537664
1881210806
1168589393461948416
767107548126257156
815634540395831296
1262220491500089345
1185644235325767680
782906394886283266
1062255182
1898321922
1210851385337450496
1229123621123166208
731553510383214594
3144636933
2462155082
2352497580
1231312653965910016
155826836
885195426315554817
1002132564105203712
748276929057460226
718506405058072576
1043427840962846720
889116122284294144
3922514238
1192916201355137024
1535911506
1038738951132073985
882125683
2723979619
3196242284
349419186
462089210
3637017013
1146782053255397376
1075531025231634438
3016315038
1007295468
2996418829
1486244556
398124897
1217906245941678080
1311318709047156738
1259748320186118144
4722547129
2460235976
718299359658577921
1256458046055813126
3788455214
3147999882
760205020553936896
3183664782
764684592158744576
116004491
818623440940777473
1331557726258917378
923161087427727361
2387855419
1097005072171429888
962813741648654336
837169366366048256
3015451791
2275190900
1361247995237257216
3540609144
1098147718525054976
44849086
975133372078059522
953727894802575360
3286070545
600879657
1488996636
2682511352
724054761780203521
387900302
331046621
1241470869718867974
350490671
1157742080518737920
2704960525
547007455
390990901
87692599
830717810703622145
3383276433
1093799787046961152
843837585285816320
3179320689
1882647061
770406692903321600
3140886615
1264105842074218498
2924137065
1387641853
56957946
627129833
2402461616
1191696486
211661751
767122745012396032
3816610943
843650468530212864
401819262
1544186162
1070268084
3189558566
997806452420042753
909128377
1289098353788112896
4887016690
978118036363210752
60679289
532573534
1218026112879513600
3028663968
1160366108886614016
55296978
1342547156536881152
1110836253572780033
1246635658162012165
2382318222
1274999720583163904
1359915525141188609
1291236464991383552
3252840089
113839305
315522511
1022568541315313665
2941135768
1242600028868423681
970850240357126148
4483131320
1850004373
708617871086063616
1324148060113543170
717159719194898432
1257788519042265088
248150622
1122601256596529154
4121411903
802420587700305920
757954419040382976
877104107688820737
1532897749
2585366421
906911056194400256
608623058
957053062543282176
179859834
897498710485213185
1225196778372378625
943877317
518328917
1666520240
838981401206640641
1221496798574972931
2506001684
1257360524892831745
37590660
2995445712
890246582
1089887338853916672
620224062
1254975894235447297
2268080502
1278727865308188672
3909738792
1020173821750358017
1204484984469426176
1160603933087285248
2413065739
985209713687019520
772853572711088128
556561357
3158182316
3501472395
437223338
1158906500108058625
956332979579641856
806355226634649600
1072629052434014209
1031038536
1298986241912840194
809558981559472129
805912152276013056
1277119477
802771056
2545530355
1270620948
1253743676
1331688250130518020
1251175077841960962
3114602274
3254872832
2760276852
2581415444
879359708137697280
743926345
1187890099066789888
2229431274
2981965576
1031717826682343425
1276582489956335616
1002189334945071104
133895619
1273883826
1192117368140550146
838820929
816469972457259008
736857297801125888
368734250
1309830754403188736
113153599
1292764323044118530
2299643928
601008944
3266696552
778321667156312064
1299661413942587392
955938717021110272
1370381791744258051
836364531647426560
464506438
935330947800686592
3020592602
933369415357345800
942584163328253953
3297546092
830945566364360704
280911100
2608111052
774155362265989120
747978371884269568
460705260
1143062316600057856
1055447532287987714
843427646490927104
2748637727
1030888196257787904
161178788
2288835608
143880095
3239948749
732037419172810752
3076298565
1080795781160812544
1094980735
167572954
1261624025094123520
1286105988819496963
879470806996275204
961321173563813888
736138839220183040
791482731846787073
3306885857
860436102
1056568910
829858811557068800
1216737234470285312
2386624757
766141564242501632
1014903141098278912
723697079688810496
208972444
3375835516
3225867900
1174552379607457792
4636444996
4451061029
935228030108123136
2973896292
362754457
921310864250228738
1139094564373798913
1154098296379596802
1410009978
597990689
1095642458698985473
2476300214
947141871788351490
3119712303
907691811837227010
2271240998
17108626
2387694241
147017338
1043390751780921344
705786015965945857
1199481412367372288
33402854
1690568400
701162823091666944
961497563730911232
34053517
833016203182370816
1083868524802498560
1302660769075527680
2232163392
2479134949
1216772027908075520
1232297177126514694
1068835336984252416
3091809687
712326582577328128
1087824976932069376
470507638
2162023497
1285707136476094464
1142620087691726848
1047845486181240832
744535718194716672
960344838142070784
1019359381903704065
2696843341
3681439285
1343318603236573185
1293945812167176198
746962170500485120
1064102093194125312
84940931
909671495324114944
330542228
937119964057632768
3177071332
1291743941465907201
1104537211251449862
2578863046
954063247950278656
90042545
864290417961041920
279682792
1043686806
1186338133840973824
1132712033953177603
725190883
883405334101934081
3318116016
1231970411744645120
2476934155
4686310466
2272479036
265488216
841351123592237056
950848110678429698
1206560217787510784
304600953
957542241559396352
554106490
570958383
116644746
515149912
459796304
1113291181897670656
3949484532
2361046935
1075552602916564998
833477177324691457
2557992426
245643691
2402359638
859507055954083840
1245935638643277824
149547811
1080082095832059904
414460942
1203342620354846720
149409274
537659087
939199502
1299375468278358017
1152374610421268480
875527809053151232
703433173569384449
927354688751595520
1038813796498718725
895152965669048321
3246680914
353504701
3296234357
590738067
1869408842
1167847107878903816
969112814353895424
705538197497905152
782824681317494784
1183251937203908608
806973188592824321
1006833386
2241453085
3742486342
990349441948442624
984365868086784000
1230634676139761664
4354062927
1285593687733542913
775411392564326400
42610540
873675983424847872
2453781734
1034864963846844417
3130412632
3674709317
1276313382
1044081389962817536
1146187076
2506288292
1334671840715870208
769384565647499268
756625071884599297
1238236422013964289
1011525710421217280
1140496526592106496
328428224
316131755
2748588099
2353885266
505959851
29938306
712087952445181953
1125229042309799936
1265882172088561665
2477369269
1037710182908932096
1702487238
968388274745208832
736475456564690944
4840578886
358475169
2825730265
988082112526925826
332816707
772773507738529792
988632030
757959345510424576
2357219276
955274258707488768
1225678652852932608
906189926110076928
4321351814
307607931
2386390453
3257730932
974037018
1878147384
4145605995
2653864477
453139779
1364635248009433088
1273625546203836418
1335836371643068417
2986666736
387191035
862766771299917824
1226378571918213122
980518076272775168
1289773421413507072
865788776689172480
1491141854
887081366327885824
1211610997124788225
1338919543507476483
2957353871
1344041762
3003086063
891433376405762048
1108128720013967361
18228609
1086719446578880512
2549475344
2616415434
1100877721268178944
1177785273217773568
2273606610
15397343
1641211568
1283078367600873472
1133610814215196672
1109180975227895808
863558330207350784
390424990
2950931420
1006711810123157504
1313922142598295552
1219749289
3207619846
976309716027609088
327859547
2160331753
386415135
1142273471285776384
1509994146
888855560707125248
772491719271075840
1059016003001081856
1016274231489900544
722310786
123758774
1328854494629662720
76075476
2397069570
991961708183732224
179884779
2951337086
934078681437192193
170101627
216553591
722170143804100608
596286137
123265587
1285287467617329152
1171964984
2766607399
907810656191094786
2345678905
1305396605756022785
71131260
1037223600380633088
4786137499
1637802175
3896468949
1284003003524096000
802512320220037120
1103366200933974019
958003164845928449
826994973102964738
1339962815554015232
325143454
427768111
22486820
2787253980
1068166160909312000
3036264325
1330677637652443136
1291822235032805376
869978648
1101139754429472769
904100668193067009
917959617363234816
3053247295
1031838020302004224
1939751858
565740759
1627651105
1222483383537881088
131374786
3016354495
1249160581560455168
2955658117
721079838161903616
1246280401514979329
43731077
2238496086
779106007070892033
969077160672727040
1219560956034002945
971137800
1286541860597620737
1074038376666423297
964922623653306368
1202452756163973121
1134766537351532544
1248285158454763522
828195155366666241
981395301842944006
36615396
3498789798
829736857852329985
1184816012
954079624845127680
719435128926130176
2408388764
62220372
2384168965
724418318145314816
1359037803028377601
334218440
609683547
1207642573705056257
594755822
4080654985
876857365307551744
1066121217642455041
704274035
1178418626556305408
2251141610
812520009373085696
1282551140614316033
1298680052620709890
1424218584
84216739
759418909355302912
4639087221
1180555263302127618
1212666911739113472
713257262035259392
3772243878
968953076488040453
360273783
258645403
1278088619350265858
1160372310
317895582
3334935352
1211088998430474240
1261069299734794247
762755274675412992
468798222
2579466397
2758487245
1005941948061011968
598325394
781318082174316544
3292369607
1285812449564864512
1015428207791804416
4187632403
2490631190
1928196342
2612002388
1097240147710672903
967527600301203457
2777339238
987068564699041795
845923310525341696
1223454023392600065
929755808216309761
1834368583
1341919866949951490
4891988383
920362511165214720
772517139966070785
4429960274
715340270514999296
1180110748120276992
233387577
980305129466347520
1200075758443671553
886723242257518598
3586355354
1695384367
738438022635630592
1191468705068277762
894808949668630528
2236510099
529608356
2536524070
1317249008839032832
1186803421745049601
777944275698982912
1023070641736450048
29106160
1036155210
1011008640197722112
129989635
792845058051452929
104545031
752072725594726404
946431803157463040
3246127486
1138443484027920386
2260090472
874827157784088576
1080146389777244160
2694548815
3433902699
994303488963305475
2895105942
1132589730
4276547356
1131820510512275456
929697129945329664
922213501648728065
1295463312298086400
409785884
860564616
1302643066516406274
32486479
1350809606457495552
1003875907143004160
1006210963
103356784
955305980291665920
1116146373009653765
1287489255024087040
1037562902398398464
914114882798206978
798157999860748288
895918008920666112
2383486939
904084272100683777
706240160963371009
821415686480285701
2411672263
1038290816945532928
1081331097605029889
1056620105696600065
874085829064310784
3574005977
136456994
379362042
1231877514
3516736812
738177032
985324814146695169
916631967457792001
1101787891326480384
45008232
1147953750620946435
830211764
1308445669032689666
1205013931787464704
1335438580961988609
2475230996
1056041936962805761
902006101448773632
1090325963500634115
751614922652540928
614714699
1005402506
1053688947942002693
2990816076
765347800443936768
957466047585628160
2571924439
1332144316370698240
954899761789890565
1192266068
598127909
821784200512577536
878875992022036481
509060792
1299753438230839304
53368037
1867239607
1345119451633467393
2169379453
4731545115
2578312796
907575807765180416
2940198363
974258720531189761
700870570179563520
191046614
1220251153373356032
896540330152951809
4807692996
2813995175
1090428446919016449
1156703944615354370
3431732319
33081697
3069131535
180387476
1154976800352550912
1028868492181884928
1141488057851555840
938798864022278144
1274358115
2329840634
16596335
4825194688
1141483975665442818
4756644072
1348018982
3084029935
3176338648
1127302348399759361
19325516
833699196226117632
2861695270
796329807583866881
2927983631
1132330305686265858
1037070577318682624
452689906
1364728314145947649
518035594
2260105896
841776532108521473
708058707175849984
2767757951
2915113818
1088038224386084864
1043403019507982336
391826090
707400592684032000
973379577769676800
1264302613585186817
2175420042
3154154009
1029912660660379653
459736899
283420254
1109661011030663169
1155894883548164096
451963505
2453852522
2190431317
1088267368114147328
2162688208
825476764830822400
1077758057424117760
1145549145454723072
841291984316776448
4856199046
1078043624087216128
3523237754
1351156711
3366967474
1110086871453884416
400480793
2184889518
3396789860
704159706160300033
1083444290762743809
790699053814198272
999320353762557952
790596864089489408
1228810312117129216
3253299828
1331701919375650816
1266168990100910080
1720456430
824182422
1537429266
2960213734
1280771047839526912
904577831572668416
1081988486045958144
