875888434145087489
258459592
795138694378360832
1407904435
1230229067166822403
2572874572
589133921
486178784
463848225
33770572
1696646414
832046372958380032
66217263
1265018694
573971395
30737753
20346916
182920974
75800866
538219528
110837454
82430963
26090964
249744932
805660289693683712
287386601
470528618
414323551
411133175
4646043076
3355727894
4184334562
2298319050
834318930
807014655851982848
481222056
2224248200
1963058136
1267490580080328709
145087572
2737914835
3590136320
3044281454
173751248
4777898535
64093328
112638869
28877526
743482852621221888
1931717588
4385097257
48941566
23817581
6649872
4665161420
903152947
16337999
1069718467262246912
26482278
922077030765674496
580497909
33824033
4633449139
3678151342
1016177635
1081503366
1451776585
305218480
1434094976
3240027719
1510963596
765311996925534209
88819234
488405405
1655816936
62859640
2650821008
1363249957
148828676
200821450
181853627
264349558
2691820086
872936938151358464
2689487896
17378631
433921350
1888313502
3020824271
44111010
16799404
897515151452233728
34392329
291152707
2938379356
3313985975
126357043
3195894441
1912398277
2503130545
324032843
1399686000
1698019064
1304153334
946040856
3386156854
117576621
985068589
162211382
17247719
76249627
15692604
60802758
92020337
704685986299555840
1311929533231067136
3195841398
65980004
57183447
62260299
17136850
869571250745737216
2149531014
21411262
3873766408
194729472
25133297
199137738
840691656
838257582
1048396808
914877295013257216
1015539389890486273
79046597
2951022687
1928356922
718790628994232320
581411896
3310634568
2330670559
521900564
96042510
3118537148
712509329035960320
257340127
337533784
860204714
120073847
288261871
223578575
3329352094
896224104
378207087
266395761
2670411858
186174544
745666139435442176
15705396
33468581
803375690477342721
2855853945
361100337
1336259130
1387544510
183723897
54385949
6041952
1152381656
2722231988
54659004
194354896
54114358
3344045056
199130256
2981631118
324464599
834522529
89621202
3374685256
34006491
260461421
255467782
16387036
14203581
233547120
3935106561
928467964789223424
322399823
26779440
291966865
61003958
978393654841823233
2902165807
246996968
221867776
1371046142
16074788
3416227589
2296783435
733550924115763200
2534150669
803778453325672452
371565716
3103313297
2551838425
2173886797
305682148
2273534766
1558574240
1478425939
34244601
384028767
1056758486502203392
875737472486998017
29353997
1021464215368929280
2292911305
924314392178712576
22154506
824633005746577410
4612848569
228530857
64989868
250203192
806248636657139712
736949534572609536
19476527
11809922
237717386
259240772
115778698
470768142
1290148699
890326498380349440
277070882
54460722
2302416672
36826306
742143549051969536
45867342
780507562831712256
2285785773
509036565
450405310
1254523325730025472
53761869
754566149002723328
59159771
311032068
173988722
3177662193
274322377
731150900153225216
1566788888
806254171
35008349
40811482
243229396
1278719880
419231976
33805568
815713225064980480
2328954680
41897922
1234885308
49346623
867812375751270400
481659685
14070235
82250302
4765124324
54242129
369574949
16232504
2164414442
3092420483
306356447
36463806
845259679773179904
604018361
3001407647
4435319956
23477331
1094570340
702025165157208065
729007135128948736
208695032
4505099536
23406939
715859891827687424
1476621846
634749568
460045476
2480433908
2990031300
183130040
1656661544
60739515
723106588484091904
16141155
470845705
49226344
772985650723389440
250371232
138798567
838116733391003648
338031746
2446433443
4165122771
3371010899
1713367788
791380548551704576
1212943375
2152615991
3433850193
1368422090
955181252
3241801772
2934259226
3078271847
310654944
115737276
772755097
291889904
238208905
824266727873806337
2508689406
471885534
130839490
2949902417
364156772
3357145593
967212906361249792
182111374
821543410209157120
891841462895124481
596493954
75595605
2651710021
2148832917
827342111397801984
22888940
2182793202
286251857
35453376
756883579708313601
35585673
250309369
1163678643224055808
1338126848
1051641085
265303761
31108149
726113285859348480
4920214966
1185799312351080448
1146508812183986177
2717605378
238386295
236868511
754529342
48791956
776804343781662720
826496936979136512
15532064
16892859
1419516205
94098612
1729984472
242425589
2446321267
1479455948
19295616
2316393876
244792338
706688381200150528
1205097614
2579100268
314740978
780550624928595968
368345678
2223786375
369082992
1293681306589519872
38374923
899383112
151314502
300401317
17965026
864178881602895872
33966257
35602518
3060234503
2886863374
577505809
66806060
29840355
4662915193
1377400921
3224717199
791156764687343616
490442082
629090444
2904631089
220745494
33529699
2308688912
858111194
518215614
95073480
3899672663
479050135
4174405643
538667348
842603976
2752858527
4489978513
71427967
390353218
30831534
841815737547145216
3307867402
968017414435819520
4240870994
2941009260
797272816236318724
259025835
607941561
1035687013
140642845
2696688369
520468846
260414145
4189349302
3640254679
3717431895
2227581890
173781318
739589610
3178777904
916248756
973178307658252288
21367272
3788548545
4033968808
123912980
981642143835058176
1324788067
480087720
359660053
227311401
869196978
1411699290
28993587
343520172
2450955433
622217914
942667315
3305489071
291280461
3598837155
823267533507563520
362735955
21067537
4561072883
1281503318
826523917053472768
1075666608
490421394
15097892
330299974
2830269035
978632827
1368547100
1242524115552088064
282679753
145081865
56902334
839275576292741121
818316338594807813
73784523
821875296878010368
2209312117
561298350
16455917
927262356261945344
25483294
397544428
764334638
233293192
15964588
809508365437124608
3242841195
1024996169628303360
18245197
1206113220
114507020
330423404
4214466983
225139062
3367779677
2996611909
3365325647
1234533676081389568
796138981138251776
613497601
824722363094859779
478506363
849517326
393029279
775477071736819712
2228630154
146464217
174511732
21573816
57185834
373652255
269765166
104111984
15018690
407498563
1467349747
231156352
1628312215
54621885
408013456
17940935
