141218330
999026928433713152
1149533461264384000
2228939466
1213836535969153024
394496829
1681604978
631128542
1081656685897236480
876193495
2242699645
1602782706
1260797010820521988
1069635222705061889
1035832184383262720
2678075119
3025012400
1089944920700477445
423019285
422666724
919315563515654145
54057412
702475908138057728
188693114
797974436
1217271019062419459
1208435657770561537
1065676625755353088
432180262
3277149572
872244700178259970
2317517708
347736265
924217307974524928
742455385165037568
3131493676
1060730411272298496
3079140998
1311824575081177093
1177740850161442816
2163599910
57561884
934747029749710848
812764111
1674457711
2387057226
1309156555854577666
1060163593776304128
1241784224744534016
1284561625660489728
1014160734
1294096998371532802
1236669411983056896
1275927918
2452175743
51616774
1303444986915037184
1137663426
975062020470067200
1278094022087553024
1370477706605903872
1238046765691162624
1262789205811277824
828707960276779013
1052639815773159425
2387695849
15207152
1225757396972142597
933915506851045376
898427482663075840
293188252
305323204
211928823
28517559
15577658
995132069960445957
897861373551493120
1281779100613369856
1242779121849004033
1684661581
1342538373836234753
1017505112569405441
1187884448
980936065094569984
803103920310468608
589672732
1180116440445280256
1046236612596772864
1321843968129355777
421607700
1298092542521614336
1342127763063517185
1289273989785718785
1261620682963779584
989168423841255425
1133353517618327552
1057089049771544576
33076618
1359282186898186243
1247940426
887003314746994688
398776480
2408032778
1220617981014790144
1320825392723181573
559595237
1898459550
188443888
992081887974842368
1025764517991591936
3300493925
1246186120238555137
805152404
834655727469867009
3228950994
2883995165
145183591
242130314
1321586212923187200
911321396
1178372514352947201
949678750949666817
1288328760509464577
225608311
3065115328
506823845
453067122
490980933
28044144
745883977915990016
3510432377
245181989
392436502
1199810065424928768
745526308059262976
355717425
1184859856601268224
59699945
314695718
2577781291
1167730658
994561055731978241
380688260
357873410
207754381
2387790751
2884206960
2783853718
2720806060
2763190968
3372742121
1347527580
975007651
3227386600
3677895496
1364560413258579973
858000970915078145
1239178742536306688
1126258810736214016
1364207200369958917
1208385781561204738
779559436813676545
802649912563429376
1355827143243132928
1911931519
407084490
225569183
1004940894389207040
747146525386620928
1291218795391078400
372944365
844443080602390529
763855234657579008
1194409966221828105
2775226074
1210666046899851265
4333182405
24600367
323924233
1297316772471877637
2670441901
2420654654
1309245614933278721
434813384
2647455589
772607684
77450389
1097787466734546946
1090262942816264200
400363493
773733029638500352
1036923987836715008
784846759122104320
17399426
609251983
1229687089664536576
4333663822
1327414611449098245
735827647
1369369980152733698
753700076556541952
1231856254403760130
2559592632
846355256
2311839924
438359173
721149674
1271740698564472832
1305580785823395841
617522445
478272192
450359770
266795003
2297381071
1290500507082031104
1349523558926483457
2284511592
1358258867524800513
3729648016
1310281334712041473
22936919
196631500
3337572791
14703467
1020916754963484672
1033397177530417153
3396338783
1237179974416764929
987121708934029312
1073313698264113154
2611118742
196036611
2185420790
4427199493
1058751361548865541
1321822685983203328
3390090598
987639363772305411
2751449073
828921366606909440
845949519615442944
1520868781
3140280164
839231724
1279140228779905025
1955370288
2190800779
821206400030408704
1620728336
776957988473081857
1037774502845980674
1238904896742719488
909445563841695746
743256921210261505
1346208291873906688
2646392329
2394592687
1328376539940065293
1356151227466346496
762778657614073860
887888663559888898
241236345
1283233540029718529
3353568969
888487664332283905
1298173663389286400
69737069
533381512
813754690349449216
1310427025652342784
321075763
2865187654
913303150068736000
2373091615
955087407250071553
1220218039976833024
138395648
1695619376
354891765
1248981689285709824
955570724223139840
2759374949
805528946481786882
196278476
268840955
1364299279058280449
2479119151
1329215635235233792
547028269
2269486801
1196685820893319168
324535877
1078102797583818752
738345038644715520
1136231027372941312
1243962983480467457
2434755583
2788515967
2574882540
2681289026
1216233309824401409
886717109505576964
901464793
725520968207224832
1331674731729313793
1141803660852322306
473717551
737857220247949312
1318554657858424835
950548974137573376
1363382972
210223563
1249781500184322055
1314067847056818176
4866281183
1226635605511151617
2347131927
153826159
1118158409533206528
149939652
712163
1356589225743945728
3632266813
968909776284454913
2701641812
1079498241828376578
1004184901
382142791
1344770562539859968
1084699790
471649450
1107825359192379392
63549933
1030300052781129728
2900254941
3428948453
323491047
3231886238
1069916906008776704
350611015
1312758911125073921
1075115946
969968641
3080159829
1186614733211717633
351313724
565797144
3041049752
2148864382
4288540941
1563761216
2942450775
1221534458681155588
1019421312765300741
1319712627224842241
896219296942088194
111511243
1285455063981395973
3317385986
1053379369572487168
47933709
1191505233563865088
2910326440
2387198022
1181060982
1259579106032848904
1299406091311341575
4176482499
150516976
1227431463647416321
1285642917546205186
4312519222
803619256491356160
3296959380
1129132179827625986
1466534046
3557673739
952336966577786880
109144977
484915649
2356557128
1098677626019958784
2733409406
781238224467263488
1273030336591659008
757110681627832321
4300973243
3182630996
561055982
2696947712
1542919088
1066267008361209856
414859490
1208468248104259592
198602889
1006784364888326146
1208117501453836291
1343082420
2228406187
1201235278683398145
2385837745
425566128
72992475
890059731062095874
3950901913
755609088
2258347014
1353489520646303751
1252925865274597377
355135074
1129448880704229381
166835083
799588446784356353
2390792610
2397102991
4774624458
824385057922121728
18911517
361548124
3047418226
755269050
1676564102
844053332775895040
16196870
314455987
1204809664921251841
735017489088778240
851598177174253568
4159310255
98159362
954670638509187075
1197959089185267712
2781493459
1325187222505623553
15935614
1159810148585693184
868199196905676800
343943947
1522727288
716998625956487168
4796895269
2387804912
1318504369793290241
1228873125946908673
1720518762
875475936879288320
1250771202370568204
979779803019608070
1328744257847377920
1250906805674422273
16035833
109648865
722309450996981760
1172243498365521926
195366749
2933334386
1108605885046087680
151717314
396162283
1004149607637516289
1171262076376862720
3320192499
407389214
1031505648
1072332367769952256
1358290430
815853113076654080
186036861
3358206377
2357320886
462549340
1006162213579546625
1113016874361634816
403518264
3105756720
854355291298824193
728445876029390848
419785675
3241010135
795191569783590912
1352347633528918016
377635224
1211082852101578752
1328375166284554241
1175368836280811520
348201759
554588642
620223619
550253226
941201188116033536
1339954026503409669
2387290088
963837733406937088
1314598051177132033
1011028519953031168
29121626
1252751971225755648
4751023334
936981393317421056
2437853470
1303852670285832192
1095846369816952835
727592703903440896
956892201241411584
1273401924679880705
1259128595714158592
636766974
1003601759795843077
3191855434
1201631988643438594
332416651
1335035204151422988
1278748774068879362
276254329
1176302887
37238588
361566227
32579400
866916507321872384
2929127971
3043513007
20689940
1178185175756349440
1266380621099577345
3079073933
1301247258856357888
1183719328480485378
1154178965814292481
721835266890027008
762241394
988621576982663169
3195121978
3932756002
926099142429908992
788364230244392960
2809959415
1137872711387164672
708385399727587328
612715438
548231589
1270788563198672905
3020739539
1358264812707397633
1309574436652285952
983145108441915392
1359860701448306690
1580086266
1258718759730270208
1313883099927908352
3325406446
2523267744
1879096094
163327063
1253442948915761154
1887608504
313371214
1220321891908374529
3254800734
293093119
1152248340232511488
1279742050297094144
1318562113
1104086199872892928
1323593905280090113
357150638
790473458320826369
1067706798591959040
831543446208778240
3131403970
2537002253
1266250810737823744
4252235697
2402446165
2387569753
1626111745
460422417
844518368
3084545021
893245698178768896
1191808059460505600
1230899436357734401
40998817
1367964822978113539
603556862
1585626488
1118279474511060992
2739265050
773823776123457537
1358110319797817345
1068803288
1354103907618709506
289679743
1037742029223157765
194433487
935323591528259585
1035621065932906496
368930200
1183589313260507136
862126003350634496
738395053526274048
578331581
1069639469328990209
965396915008532481
3398579661
1499471556
1293855216685768707
20739616
943938379410010114
1341327060170510337
1252586396847616002
1176169023303757825
485705365
875030815960436738
489074793
1326139191558873088
1064449913709314049
1103047577459666947
920401595937980417
908091541721419776
748938639321681920
1368029225274466307
1327716155742674944
1144327865024098307
1648251420
1571397229
743571527015276544
553538651
590243664
2603917944
102841423
1261520468412002305
1074165157167738880
2156082362
181765189
849279292156411906
285139711
1332345452662976512
1302542858302431232
1305228991847108614
933566293470597121
496252048
1365686037780037634
2204135779
1277806612321898498
1240470059446865925
1277646798291599360
1289924444396425217
788194694
186031344
723322794331631616
759454563137191936
3241031997
67220317
975745262
1074293905720393728
1861708723
1263201246984515589
2186568240
3064074179
1213160563888406529
22084381
1107244967561445376
1156151119241981959
284015591
2456995951
50075519
1242465471388999686
1317620173
715309338265579525
1110731172626264065
3623420846
1276151766728441856
1355716299612033024
3040807682
624972565
1711822490
1121396631339855872
4845391299
1312986430482845697
21912881
876606270
1563330762
2941095262
1153101819297587200
952503729504292865
1346299996526809088
225461703
1246442957848350723
1161349573224407041
824970162
972957936556355584
1247072123933339649
730747777659981824
1351947624350273536
1008904332316696582
834599204
70304961
1252447064501506050
1278969956340826112
870568116
2651355544
1341281168537186304
3191443044
736330089600811008
387998431
1310035097995956225
236286383
2472962395
705110044287901696
1276583500716683266
1247633465660436481
1344345802026733569
437477585
2686137259
130674721
2624402077
2979176682
3268782210
991071086967185408
976759278701817856
725753856139923456
623928486
950457148273721346
753295950500605952
1319642021401866242
1621641300
850849609618407424
810152791
935789894907162626
1079893655727542272
1323423069571031040
874698767311675393
2455505515
743989221694799873
268014352
999056642
1732088348
1169839308162777088
999995564954718208
701634278774280192
112451567
2876889519
1301515730307952647
241716047
1356892078542893057
1081682780432539648
713456675378868225
1203364031865774080
1321261395627839489
1043203903955841028
231312128
768769842900004864
551387422
4905472408
301761369
2256287864
854249529301807105
344872092
896383218571718657
1292756770776125440
928370619925835776
2444838068
771273176
48944392
256189280
799844185
344510164
2711210694
1563603788
772315759003377664
818620907769958400
1279551776237277185
921068731371020288
1250343233021833220
1088822541311983616
2817645576
52780042
834921186207260672
1680659671
2189348180
1334739656328552448
1341234619102990344
2494564213
2337014850
1324021532
107336539
23562976
2767054880
2363234944
25384024
1268653196542648330
897844688409038848
1227273454891737093
2465647645
3974260033
994570172118716416
4847219633
721515964047691776
1952565986
1277554164508307458
4766830829
924364261786128385
2202179465
2649656815
1213606250316845058
811704822
21259412
1084840736955289600
2489741544
1626772886
2336596051
1076714025147199488
701655992031907840
2838608000
177419331
574824451
1110963196729458689
2477975766
423913626
1235542177515737088
2914800939
1125524310796513281
842071135818797057
2955705124
309347952
4882838781
3282896318
907617439814430720
2804347410
949968900518764544
1359230895157248001
2357056530
820296099768385536
95124182
298326723
1263942599548841987
747289062243897348
515896802
1217386307371986944
751075556171579393
781618979311915008
4886284559
1252041607400042498
1077496943461298176
902705958358360064
757724996303290368
2510922510
1294506128450125824
67971646
125632368
417327748
1256995294325010434
3239236971
2494100419
3102978287
604147800
813794219777212416
1261696518765101059
1290679810684051457
790435798738804736
1189890502948270080
1277110321493217280
792330164969541632
1258367799975481345
369768161
883514545070907392
359492407
1281302171141599232
1166387616968781824
1266091576243245058
1241075299
1182977225118892032
1033395519647883264
716412406247723009
1119922500
1051513071666126848
1188511500580917249
1939237231
97455403
1056951134609461248
296904847
1086090840
861421506382880768
2720839911
818063091237789700
1195424923289899009
1296327193921048576
4734628887
926556069542768640
1120035999512293376
4265470360
1958287620
1136548694117871616
1883628902
296543202
1300488098439221251
1194345181958393857
1353114615736098820
821740956697460741
1005351487919226880
888806107937943552
2238226428
1401039266
3808366579
976474078864343040
901056173440466944
4528928615
1325349301946441728
241476155
2169434839
1232530353576955905
2337293329
1036159479081885701
870390413437304832
1004741648
301782046
938433798332669952
797812695105937408
1297644927854108672
3136865486
747881125
3660160752
3412688939
1960889558
478768123
263840636
1282814039584903173
1332818775964520450
901651835420909568
291464052
1261886186504806400
2797819717
1264912735659311104
380092845
586917624
830532920477638658
723289617659654144
3302651557
723502692044144641
1360436805028438020
2739392416
1324711199280402432
956589480
1191799962910240768
603057650
1026849572864319489
867002211372417025
1261728205381214209
1229597061504471041
820829105285304320
2198645118
38675964
2595294048
1239650887917875200
382559153
1273120226
2543626487
1282465833734877192
1280128037128978432
1140558032021217282
1351564144949022723
2935661585
575352314
35911445
191208455
750157116
997654478026432512
287407794
982726503594151936
1049368197260926977
35656983
2324564046
346250532
1154064490050310145
1186440473537327104
865443727
812784024729120768
1365487146279182361
1360972303908147203
2796460260
1260503323
1121929465448280065
377013807
176011302
257377637
2202200084
1260001909202542592
798223055000571904
150410088
783016995310620672
1284194774426288129
4818998453
1199343377910652929
1351677374656602114
763441561791234048
1140744794
1052576394
1247329737111785473
736471986
808051289917505536
828554813805727748
4447258037
927957249221451777
1049755432905056256
1287136915
1651061112
4436779394
1240692589663223820
442746279
725116608637710338
1232795689626873860
1196813631805173760
1261753304939409409
1286021870714855425
1163991165768818688
2409797264
991516010997051392
804010512941862912
1266372920139345930
1362445007811211271
4455766288
2591788884
743749779729981440
294782101
2743240670
571468629
1288897993983352832
1369852297895886853
2802166412
2886941510
940254708
48731099
1947262387
1160474968427098113
2341322352
2341636332
1033924372346679296
933342870089621506
1175283691624353792
1726382472
934167376999911424
1319377111941959680
1053946082151981056
851273818534420481
1262653142849605634
1720175622
1288069256257703936
1260434591573315584
1315486148446154752
2388649795
2934346252
912048288551055363
1297991630
866148672681029632
880336320068960256
1083562626716745729
2986433040
1309153981386678274
3384778563
1401463068
2779197144
357696477
1254147464103432198
1082728903
3083065733
2297023099
2199717220
3429054603
1090554816
2453374374
1164145818
1889705594
1364586072835952641
118513228
256623903
1361950550
1307352742025998337
1257382917908692993
735791330
1242870371117744128
1324101858839924737
852001482
3256663138
1654689325
2323699869
728487282358026242
2419220484
1054106423163019273
2388850021
1213963329099550720
634298554
2941579246
983506698131333120
432060481
1143560091708350464
513772599
1354896022791622658
4056177575
1351892159255994368
389451341
894197475258626049
705721441560489984
1047671601653854209
1260679609743478790
786730880643444736
1346789884191772677
1687314979
3300877448
425342964
4476374296
1255638301840740352
2825537466
2781866202
1584169752
3314118902
304934571
936639845618696192
167611558
1055393630318288896
2472590598
1109558851613921280
16856267
194726264
4429716681
19618227
1849524283
271471068
1367610519234867200
1277568869847220232
1170116379007078400
994729931417571329
210984740
980827943994839040
1120310605011988482
810537730983821313
477193789
1274169778219999235
3309050182
1074392841424580608
548786390
162538597
1261329356
985961880782073856
1332499950878547969
972686864
2291763446
4282380320
1318824776601866243
780468062
1147943879976468480
1284585813540368384
52562785
721115088506195968
1338197755643117568
211411200
754238174
1011715707694919680
2163242321
868936536003416066
1839971029
41323915
1312414520992649219
1696370856
1083771744819630080
353952141
3028422001
1165047440
954428360859402240
3305201675
1323672152
1307778018048241665
2667154243
549444840
1225115952704036866
89039642
782531754548658176
984358961221591041
202830679
1336197640309108736
978078939351429120
512067451
1344574016447799296
1350411877382299650
997873855
2917982293
804755572318932997
1264414786424455168
2270738546
39574287
1209250788322750465
4833202804
15809184
614650042
526751616
2394618400
1178891933898248192
1195037539104677888
2666083168
627629459
1093436375859253250
1211297963894435841
2652509380
563217305
1249034484210515969
3109974213
804157483107422208
1282807615567859712
1147880823661760514
2257713650
1065754044713578496
893901984
595371685
2568036546
1283481558201118720
989771782830735360
3059008338
563104597
599091809
1357968805771763712
45489580
902491177
1178912871540912128
318269256
1300793305270288390
563018491
387871971
1283579744
1433437069
930579180718260225
359737627
4687481492
1316148991801937925
1304109406280269824
1211422761505021957
2360975750
1043205078482661376
1330246935782039562
1366182164048449539
733074783252832256
1346235346619682816
2402239219
1314796478439714816
2480962440
1172321897842741249
804691032
1229190247675813889
1078118945037713409
1291305449753649153
1173947997148852224
66580927
801820230104150016
1227517204196802560
956661026417774593
765975094007037953
1331034910602104834
1036471647186956290
2392568674
1193500121830502406
342512538
498972380
1288796268005863424
1166701833873739776
4830025552
2287315572
1122702888768286720
1065738956979998720
767495364223971328
56347417
2361321056
444195439
947385013
714689548270321664
166854319
884168537790529536
235319450
775794882963181568
2732813132
483578952
1077052472563138560
770147252
933249589875949572
279064141
1347327678265888777
1345567913944571904
1240143355419463681
1296696426026729472
734028080
1115047698
3353092169
259557454
810292674263715840
1258073714626789379
896818488525959169
778916390623322112
609752206
1318622907732381701
3399267191
1291889811511316480
1058866744532578305
746070687538880512
4887527573
91081241
1212946850
538110825
1136411093721444353
1325221864126488582
755564155176910848
1611315031
281004434
2387848100
1162279614242144256
158371445
1127327837709422593
1318584652181999616
1144720438595063809
1668877320
1195211884854697985
773529054515519488
222838177
976160851781718018
19578244
3225897900
434519913
600684384
1185975142293397505
839490144
950214625722847233
1221789580233326597
1252748331887071232
1265929818526355456
787005876792020992
937760476045479936
2457150901
1370275973392896000
563015129
1328098283991035912
1313294332602933248
1006662625470496768
4721492082
828002628
591364381
1345068917744689152
284129532
776620284732375040
868386024
1299735050204975104
2351511024
3002272679
2255551279
2889556894
1260617373477777415
1017987188020203520
494280338
1185213681736380416
621739332
1423489784
1278729671937601537
999422325094338560
539877134
1253712039673040898
1203206179142295553
17953476
1245371597562818564
2288093922
1112632804720943104
2806310465
1259541988266749952
1517893086
1342269455661989892
21332229
1225861422963396609
1302009332394057732
4887868089
417572017
1311312255523450880
1248337844550209537
1658097469
2599114980
393602838
137092089
953519060
822491724928974848
1265746190618038274
2519708450
291498825
2915897030
1264720284
877519464971067392
1141013092542898176
3081864225
712305990604099584
1144229169821179904
1055366836965957632
1030904694061916162
809395023565430785
153955835
299197531
898496862
1229052401484750851
315141727
135664230
3195392553
2387566945
2382137245
4181073613
2904813404
886298216
2407683639
3240224370
1302289244426301444
516424309
2305959182
1041855514345230336
727552499746381826
1276705930030219265
1894143498
2874161549
2874459361
2858649993
591827206
1163031185397653504
994445525930868736
473578517
761207776869752832
1165654517410664450
3298624411
26720905
1204466028954234880
1193763885540618241
24773436
874369739023319040
204404854
2980838354
156825271
1284610101941276673
926962633676275713
1249799393068355587
1251120806136090624
567856385
707021449047879682
3095446187
1315052195629461504
436782436
400516493
1289660726584508417
888531465604141058
896140271267627009
488582941
1295335690796822528
1096513716080783362
1170127367878131713
441830053
1285262647378796544
789947906304466944
2562583786
3291781225
2384522940
396962426
1167628086025654273
1342930642204569602
976677148491730944
1257903456502726656
2919561082
754542104479690752
1701803058
1269405911141044225
560252101
3991143171
130774836
1210851385337450496
796137937838739456
865384808
22096900
608418415
67874568
1360751225017409536
2268961166
2399296796
872805260
727497520998440960
735202326156283904
748276929057460226
1085377879607779328
989825977
1236787457120784386
2225432155
894524324
1350243146228228097
1216393182231089152
1559099108
2269308172
884922388315488256
887602756453793792
1265279712600788994
3088282839
4059980234
1243890038301171714
1277338692206632960
562130992
861528033844396032
1166370308963614720
1362795819888308225
1149248114
3293703617
1280645376379363330
2990423792
1286027038252466178
971410262413729792
882125683
836200094944874496
1160227994851586048
1216491311034966016
1146782053255397376
886776770048950272
4489635863
211597511
1007295468
344828452
2996418829
1228070482576105475
952587901258285056
194356443
4422828857
40196995
1408425110
1197414185522458625
4751165436
1256852587984244736
322908509
994328054162898944
1013724563954438144
1313856313751941123
35968320
462382817
785413970643607552
2389110860
2792506240
1223614526752481282
1015008510990585858
2626514576
704112421238079488
2830338407
187806728
1330096643153260545
4034594175
1184537380340019206
2275190900
1361247995237257216
730231758302654464
1265273001500647433
3046613282
498313872
1354128461057695744
319842381
704126233848750083
1193903959041282048
2402420240
1526528760
3470079435
1268500921648058368
2682511352
983973589035732992
2401779937
1258184969303625728
4813776733
724054761780203521
387900302
802632650666057728
331046621
1098021491705167872
939748496
1227343651610615808
1204847402676609024
1321463137376284673
1366444957221937159
753067555779145729
912471181822963712
87692599
2926233508
1275531562986192902
455967357
948602892159803392
2802573964
2387826018
1043973002
228127141
1176184022042464258
882616749052444674
3229303123
1335503161000280066
1077991087875059713
1264105842074218498
1249594284870901767
992186695079645184
978089702015295490
1287326398324113408
1086398818407591936
843910739987447809
594165198
1245905449397784577
1245909761347878912
2710377108
990775464317730817
1133012047908806656
2192368892
1245456075618484224
1109431612914188288
4907707588
1083573755220090880
1282914109248483328
3957810437
1005455207273324544
1039603267205033985
863896333140230144
1239072173685239813
1289098353788112896
1339642879921319937
4685609448
736961189863886848
1109292144764686336
1218026112879513600
1160366108886614016
1230529006824497154
1332901516517265410
1293200152849551361
1246635658162012165
996140385071194118
1121297792339673088
1239328928839258113
1242600028868423681
937017761733148673
872863939
349209830
932899245316825089
1324148060113543170
917289132254101504
4621211357
838174065756160000
1340598725492830208
1294459799623671810
425166165
743895743992324104
792031526
4886660662
2714547548
1083817064
440557558
213402549
1201208164051570691
906911056194400256
1328604402475732992
1591563878
957053062543282176
2944804418
41851739
1326491564286283777
509070324
1201754484185194497
1225196778372378625
1221496798574972931
2556009085
1257360524892831745
357855586
335380090
890246582
1053034161458597889
1343671343175364609
1268270162807001088
907631264143773696
919344894967271425
1320233808386510852
2970472942
620224062
378164819
1278727865308188672
2893108090
2179845653
3022528360
1069961255476060160
739613287898185728
1536168000
1119874322737188864
2858742652
82752767
437223338
1141144323070791681
1158906500108058625
865367537319501825
1640354576
1325706773240700928
1253489459250761728
956332979579641856
1072629052434014209
1298986241912840194
3402531203
443816475
706766719679754240
1287801102344257545
1110923910462271488
802771056
1239323488630038535
988124689687072768
1203149383920951296
1206207849933742082
283684777
1242709335714623488
1141553945158017026
2325502206
735885091449147393
423574278
1297285065169231873
701491356032700416
1158713169877114881
823634359408295936
3680211495
20316357
855443616495546368
53520342
299819940
1925333005
1325879894648172549
1105514238293037056
763612229753118720
1276582489956335616
1309750377097568256
1351741436362944513
553642761
1331642137394483209
1002189334945071104
1082726831374172162
2235431064
3026710700
288496502
819633894182023168
1283143507910316035
1355151031487909888
1190998788631973894
1347670895310102530
368734250
1202037760107802624
1323150017163628544
1533482810
2387361162
4362258438
847686551391707136
866814815070699520
377731049
274145702
311451406
616326191
483264113
1326331664696561669
897504169019547648
842724341276057600
580674917
113521938
2273983374
3013234592
1295892918465634304
1115301160154431489
836364531647426560
979077985805447175
3081236437
900750240080375809
1221456620577837059
805716792203165696
244808592
707189215050735616
2940771509
1093405453336244224
755538432496168961
3297546092
908110668150145024
355290333
975533734203219968
514245495
1066011043
2855902402
2332172208
2421257531
922569950744797185
760104416972247042
1208296116149739520
1201910781782171649
1065661473677078530
1285087627
1283108648575795202
999733479569948674
2614437301
2450092179
4776478694
911680808762724352
1076182983449722880
1223988431870550016
1057713817256386560
761614417284898816
2233846172
1247752660255531011
1251585952268513280
3239948749
33885200
4653190456
732037419172810752
848142841691942913
921071634097643521
133910293
1269825186108370945
37304843
15898576
1243668282735026179
854615552635088897
864457630768615425
879470806996275204
2172841843
1075964880090476549
376470457
2460107929
3451113812
1318718933550080002
234335683
938767819432480769
1362199859453972480
4292736259
37381213
70909044
723697079688810496
1283334072484462597
1285723781747609600
1036813976
3225867900
983912813260353537
905049772826005504
403843194
343672274
871659302624382976
3449369722
1136449925263319040
107460813
628602445
2973896292
491847608
2612480690
1311089718239559680
362754457
905012948724318209
452265533
1110986519978876928
921310864250228738
746473168668327938
1154098296379596802
431782105
1299372811761442816
715951466721198082
43298817
1033041903183380481
1579506307
1068350947066372096
266865513
1176204193868255232
1369114281027903490
1173615476943073280
1251600638875783168
354656105
2941681089
597990689
937658012688355331
375621155
96476962
1092234438870777856
907691811837227010
24758505
1159269637537898496
17108626
2386082946
907792825269592064
705786015965945857
1199481412367372288
211652577
1690568400
1106247428
961497563730911232
1258427559584374784
1282992150913912834
410536180
908054034963148800
2232163392
4129710612
1294761641603735555
4246095629
737464037559013376
2153254422
713712852
4118593636
1360346731653849092
1283864050745716736
821203810790109185
1333057611931979778
1304079855907205121
771820326778830848
2319631706
3361476249
1211993435739000832
1283775109526884352
712326582577328128
51193781
1554800082
3313283060
1319701596
152012591
1323599079386087425
1027651732887822336
2924168072
410353479
406356841
3911421317
1257081985979342848
1272787789445312512
773859574063521792
843915764151205889
2812382156
194280445
3318641505
762314994151149568
1262806410351349760
572919277
1347378473506123776
403190476
4508823316
961192297361584128
1235586965451370502
1293488167
713664656255033344
313033126
1306920780874297345
1075193262745350145
418425076
1209936146559651840
1347914969359282180
1293324960421810176
2227116354
711509686638551040
909671495324114944
1401077125
1356020242141605892
2842054967
2276487354
3007818936
788286811
1039101890758209536
702522969365598208
4833924071
952696011159474176
2387534413
1700033316
1091528922183933953
90042545
1274166398026014721
1334232342219526144
1192268339697065985
3021735403
1249431023596666880
1256113053751373824
1352321074093035522
1294638591109484544
1019258599669936129
920752210396323840
1628202446
304565164
1220629287822184448
1305136157324345344
1283143392021618689
1261574229058699265
1253715657155325954
2460829662
1244364241307492352
2614522489
944785411
546929159
883405334101934081
1146662581723160576
3318116016
1482769987
1255932004622876673
716269518
423570545
1136455352407474176
777115758
2991145803
1075309821937766400
950848110678429698
3385929377
1689225037
757279176512704512
769577053867737088
1093212056734650368
290681918
113572950
960585086130270208
2589088284
791237214751584256
850453075353620484
1124705884989534210
570958383
927759558
1217207754408046593
1182462056391426048
1075552602916564998
2291771233
816687369919275008
1049897880830570496
51326332
1126527192
473581699
338662865
1294465281386053632
1023850060273143808
1397438244
1284839857861332992
874805352943845376
2767928683
1245935638643277824
3332174479
78492349
798650989670727680
1299375468278358017
1864283672
1325332579168509957
703433173569384449
821941230657564672
803595348
895152965669048321
1074056589194248192
3974572941
1008412610352558085
619478225
830597112853311489
1267548749829566464
326300461
965190760395104257
708459106420572160
1418479765
1368440506661756928
1212496137925484544
701533792398393345
948733766729715714
1243553497259421696
1037239192202428417
1167847107878903816
3225098813
188467075
1007427704562561024
1078844946176712704
705538197497905152
1217030297318871040
1183251937203908608
974765071560794113
50879524
1126392246
729889798714888192
1052071310543781888
1267501832949112835
1346259661385711616
1898054233
618231223
884590942891761664
1285593687733542913
1241468472263086082
1034864963846844417
3674709317
750049408587210752
1166667159696789504
1244246158081474560
195608198
1146187076
1334671840715870208
1257130330932350981
1674138696
1442845124
243851977
1243862411846782978
2332635377
3075890543
167457728
1140496526592106496
2964141872
115752698
3503492296
985701570124763137
2393060227
851687203147177984
2426411010
1284920768850255873
437277162
1312948991731130370
423936109
1172817515698905088
964545372440932353
1156344841950941184
2355746030
173963315
1363996151066873857
1340768008541757446
3196534323
1273281957426860032
725228516
2906687354
700257214980730880
1319420084410933254
831739028412170244
350066770
332816707
1296473395152875520
69359527
3231064693
1176391467742453761
1366264260821721094
3158372436
955274258707488768
1303615557992960001
713212002236104704
1240258973347053570
1267123736710389760
1253923365343105025
568084820
1649570521
990387050644828161
311619250
835411521589166080
1232938818262556673
851414762
863686076
476410436
1972663118
2653864477
784480368573321216
453139779
1335836371643068417
1094357281729318912
1284878278298345475
829685798723284992
3098034452
360865108
157497035
1708644882
1289773421413507072
1047358850
1235828157317439490
1368227655498297345
1431541710
1099384194571083776
926385374
735498965861453824
745118735413829632
803723868
1292861311987126274
1299455806727950336
1132466242613338113
2730997554
143335220
2618126027
1069806885765812225
1211610997124788225
576319883
367744859
465108940
335803612
1109281157009600512
1299627543021068290
3669566592
1338919543507476483
1120708037306736640
1139793149881016320
1097155081760358400
2920862081
1134588363514830849
551851129
1257919939668664321
200587341
1086719446578880512
39888842
1246210879143710728
1185643836837711872
1366228693069144070
948329787701022720
1264637359359963138
1225230768600965123
1075064742
2273606610
1287065181621612548
2550769579
1253033398131720192
15397343
705893275044081664
1023948642460332032
2942032757
775676112248725504
96416018
201448946
863558330207350784
595193623
879295355816337409
1092551214808604672
954736063397933056
1329752022
168504881
1361613927050711040
1330666050044776449
3259890799
3514601955
1219749289
934269880848801792
4712829499
1356422664684986370
271174636
1130516538996473858
4159885512
347953213
2184071433
1248698743932833792
2660437439
976309716027609088
1158809124756475904
1238426759902695437
320947517
445861925
1698893851
192670426
470693709
1015046311199035393
1509994146
14553555
1367370630971215872
112226194
53762376
95086210
486191663
780306026197200896
803088001198747648
746632322091487232
939780483671408641
2866391477
725656748988633090
226405860
412766325
1295663459468705792
1077953654
2749748631
1326886270619021315
3234147197
1394042970
716993690724667393
170101627
722170143804100608
879505257667145730
1023436816953688065
1303558517157236737
1326358520946634754
937278318390345728
999957322842722304
2335042702
355540298
955575318508720134
1726705178
2397959880
58503128
2481949529
2345678905
1183091624928333824
1202490982106718208
1291065249576230913
2505264974
1305396605756022785
900404156967428096
44960035
1295881645413879814
1213108232236847104
713318671
984241771646472193
1284003003524096000
194641647
1668896054
360727794
1333482882765996032
958003164845928449
2433897452
1329807589
1204504680899977216
4176375676
995041780553969664
1120473472008740864
586360543
879214717511712768
1044217638
3117233979
1239780712473116677
922947505
800396124766863360
1206312363680505857
1124143305162481664
1309585567571640323
1330677637652443136
1049847120
904100668193067009
833393020246568961
1247992237033734144
157682726
1350088464
985480752023461888
1331003090
1283074555582586884
887695869511741441
43731077
831895821822091264
2387122435
1146072518974943232
4756310034
1238353646871511040
120218149
1340474254291177476
727565816930033664
959029908512022528
119273340
1251357604955201541
96405736
635681370
935543383619194880
176958613
983701796316155905
260147119
1283695125646852097
830132721980678145
1282440237533323266
1334291404034428928
486122700
3791113697
735940104
439098411
793947714149040128
94521811
1118364042760998913
184394720
1559417365
327512448
1114488669812006912
781674084203634688
36615396
233741334
888288108810129408
552312281
548806065
932254391511298048
875483963929788416
1184241802691403777
1037536451666137088
880680812500463616
350557983
62220372
1247181615295598592
240878178
839952075039596544
426060548
555780110
1062955221364617217
925863437699186688
1199047647178448896
1279846496645648384
2853728506
821850821545574400
4519942339
792813843164516352
305249706
84216739
1321062257195839490
3090808087
1312101858534723586
759418909355302912
18382320
1092324121784930304
1129499230840578048
3070961402
1180555263302127618
1212666911739113472
1205186064618590209
1271124753361887232
1439467980
1276723188022599680
1231006426778292224
933492737747423232
443880240
909016154403774465
1099529937524908033
949178377
407539429
2475232806
974868709
3334935352
1679090984
1261069299734794247
331905177
330707217
3258972614
620318899
722623527916941313
1341669128600510464
1313998812449517568
468798222
1008893290878402561
1515228067
245872122
1216789721038364673
1229425327077675008
1279376783545114624
3498111612
1211094291906355201
598325394
1182211818690883584
1235639676674990085
904234241323651072
259431389
2825559227
3028660196
1021487834996256768
243359948
729145214
1230487826875273216
1319642955993485312
2612002388
1268859329945513990
745364521913454595
1259930661034614784
1331485937319047168
2777339238
1337392682805628934
1134763603985408000
4890530925
2950472416
1488771546
1303212370139914240
3303847959
1049299776167182336
1030433749
1341919866949951490
1203878060560388097
1701262626
1068449804966141953
59055617
62997446
193973903
1135648493899571204
1244629993105379328
233387577
3302979411
858298001848193024
1311633149571616768
189153035
1166297291575218176
738438022635630592
185470963
1274693791111397376
100138910
1262072926108614656
1007659598289907713
1045157341996486661
1362135937002704899
163815768
1259257597518995456
1176467346489298944
18439913
3003893895
1106912166
1231804281881128960
777944275698982912
419586290
2823030942
844057647653371904
829943062646358016
1161859655582175233
355900994
1363241381955842048
1160786198606098433
1254296830520766464
1296552259510251523
1012996540774920193
1258057630532149249
1292490139286020096
880123556998369281
1323665383254073352
421175223
1138443484027920386
2441935544
1316392428576944129
878339027346358272
1240044335879671809
927914568382328832
704356826570223617
73492881
1177221013060407298
814119091028066304
863784584
2188751804
1290299471339954177
742191273088552960
1210642179435245571
1246837726994780160
2958111026
1162732258169458693
1362022247804899331
463206733
2764675813
995830191703310336
1339965817333669888
1277251769509261314
4040329521
76243478
1109232129488158721
4346504657
964681509914529792
1201198528468586499
1138464272852365314
3309710672
981265029331869697
1143346527898931200
1302643066516406274
1092909536380403716
929896467380166658
907080703
28839666
1350809606457495552
1043715914233827328
427063970
70186067
103356784
566793628
1151597048048869376
260233409
846707533649776640
1287489255024087040
798157999860748288
489664520
895918008920666112
1262711129714724864
2383486939
1302217363862032391
247257050
389228727
1254853552490582016
215412083
573975017
809158908791164929
1212089202302574592
1101108002260701190
1038290816945532928
1081331097605029889
2830763584
3574005977
1275171532692754437
224825090
319605214
1257792315340406785
838887985080856580
2518404746
1942427244
628512827
990795340503805954
538593067
1584339642
464679989
1115987802825428994
2531765073
964717310853373953
751174848240578560
751614922652540928
2149640026
538515551
1005402506
2587819076
1002526132875427841
928730319527825408
120172025
2571924439
2407757329
1006569652993122304
285123086
1185439325963481088
931385670
16661692
838051568322633728
216415710
1299753438230839304
1345119451633467393
3696987015
4731545115
264617163
1327629984014479361
371315363
1099817204453789696
2686568041
533347886
945513821313159168
1220251153373356032
993782489998016512
3029685105
271825461
804747870905729024
1177213282362376192
71420677
1344977564062736385
253830835
840487621310705664
1853164039
180387476
778183689696059392
1279616479864827904
2827080406
2329840634
1274358115
3084029935
1850526980
1199344444727844864
2715281922
2536458018
895045780666494976
877860270604943361
885560790161412096
744298453
48798793
624282771
2451163160
796329807583866881
1187927071
975823344011395073
994091099437305858
830409126534664192
476157748
76622099
1154026381958942721
874991424
2268635832
988096104821657600
845892070925451264
2528650693
2435714252
1241897964471308291
920672950059257857
983399822307848193
1132330305686265858
1257078081392648193
1059557594501693440
841776532108521473
2822207256
1325980806221803526
708058707175849984
577485021
1693100281
1347968810628702208
3244562942
43704179
1288988658540961794
412730250
1361769369089490946
3090826246
35601772
1326737998709395456
93255821
4908212640
2731501518
1120252736329535489
2190431317
1217728619868557313
714928928784121856
1066858083920617472
834188686195564549
1048634433136353281
1260729674470170624
1244222082562404354
195097724
4856199046
1105614416
158946253
1638190963
216692516
1250551461789921280
3451065142
1043905427438809088
1279591150920192000
16464000
1257164161538129920
764493063116947456
815836174749237248
1005899439901270016
2729619331
1561778623
1257107749017698306
3240268880
1157638374825451520
2788026919
2180826128
977648625223393281
2475226016
2424014786
214175278
1228810312117129216
1188710121238495232
758717151410872320
1357170089066459137
1178517247964397568
477363678
1345315314
116773556
2175989626
1344716886974623745
4335496893
2493000493
1300836075158614020
718645794
917388726304759810
731572648002494464
1309681804337704961
1359053364756029444
888874789699506179
869132488798388224
2766360959
3143353200
1262390059258515456
311640583
